 <pre>

 Contingency table for Rh2m (%)
 Selection: EastNorway     72 stations
Period: 20240601-20240630
Used {00,03,...,21} + 00 01 ... 12
 Limits    30.0000000       50.0000000       65.0000000       75.0000000       85.0000000       95.0000000       100.000000    
 Each class is data <= limit, the very last > last limit
 Total number of values      207731
                                              OBSERVATION
                                    215      160        2        0        0        0        0        0 |       377
                                    930    15118     2741      226       56        9        1        0 |     19081
                                     55    11239    23316     5124     1293      404       72        0 |     41503
                     MNWC2-ref        6     1007    12048    14617     6473     1954      302        0 |     36407
                                      0      254     3542    10831    15651     7336     1561        0 |     39175
                                      0       91     1238     4168    12765    21326     6802        0 |     46390
                                      0        7      108      461     2358    10273    11300        0 |     24507
                                      0        0        0        0        0       43      248        0 |       291

                    SUM            1206    27876    42995    35427    38596    41345    20286        0 |    207731
                                              OBSERVATION
                                    221      162        1        0        0        0        0        0 |       384
                                    916    14769     2593      208       43        9        3        0 |     18541
                                     62    11507    23168     4950     1197      347       47        0 |     41278
                  MNWC2-Bscale        4     1092    12129    14367     6218     1865      319        0 |     35994
                                      2      254     3720    11067    15695     7076     1543        0 |     39357
                                      1       86     1264     4350    13119    21651     6636        0 |     47107
                                      0        6      119      485     2321    10362    11489        0 |     24782
                                      0        0        1        0        3       35      249        0 |       288

                    SUM            1206    27876    42995    35427    38596    41345    20286        0 |    207731
                                              OBSERVATION
                                    234      157        2        0        0        0        0        0 |       393
                                    906    16417     3358      241       51       10        4        0 |     20987
                                     55    10166    24447     6054     1451      438       63        0 |     42674
                 MNWC2-Bs-mix1        9      825    10897    14734     7032     2125      400        0 |     36022
                                      2      211     3190    10234    15745     7551     1618        0 |     38551
                                      0       98     1018     3792    12257    21576     6951        0 |     45692
                                      0        2       83      372     2056     9607    11038        0 |     23158
                                      0        0        0        0        4       38      212        0 |       254

                    SUM            1206    27876    42995    35427    38596    41345    20286        0 |    207731
                                              OBSERVATION
                                    173      150        1        0        0        0        0        0 |       324
                                    925    17224     4649      352       86       23        2        0 |     23261
                                     93     9374    24486     6927     1869      558       92        0 |     43399
                  MNWC-Bs-mix2        9      807     9838    14577     7527     2459      429        0 |     35646
                                      6      251     2878     9741    15974     8228     1921        0 |     38999
                                      0       68     1063     3492    11401    21283     7314        0 |     44621
                                      0        2       80      338     1738     8769    10336        0 |     21263
                                      0        0        0        0        1       25      192        0 |       218

                    SUM            1206    27876    42995    35427    38596    41345    20286        0 |    207731

