 <pre>

 Contingency table for clouds <7500m (octas)
 Selection: Norrland     36 stations
Period: 20240601-20240630
Used {00,03,...,21} + 01 02 ... 12
 Limits    1.00000000       2.00000000       3.00000000       4.00000000       5.00000000       6.00000000       7.00000000    
 Each class is data <= limit, the very last > last limit
 Total number of values      102456
                                              OBSERVATION
                                  26890     1540     1358     1082     1170     1102     1386     3133 |     37661
                                   2920      353      352      303      389      387      572     1145 |      6421
                                   2349      308      326      288      349      397      520     1083 |      5620
                     MNWC2-ref     2000      337      371      349      369      441      612     1278 |      5757
                                   1674      340      382      359      378      406      676     1489 |      5704
                                   1572      331      371      343      414      442      845     1839 |      6157
                                   1878      355      450      442      612      576     1261     3133 |      8707
                                   3754      577      825      821     1407     1362     3610    14073 |     26429

                    SUM           43037     4141     4435     3987     5088     5113     9482    27173 |    102456
                                              OBSERVATION
                                  26897     1538     1350     1136     1132     1101     1365     3160 |     37679
                                   3018      371      373      303      381      406      563     1067 |      6482
                                   2306      326      329      291      312      406      514     1083 |      5567
                  MNWC2-Bscale     1961      337      372      335      398      424      596     1266 |      5689
                                   1691      332      385      358      388      388      718     1472 |      5732
                                   1623      314      347      367      434      418      879     1798 |      6180
                                   1863      379      447      404      592      612     1255     3008 |      8560
                                   3678      544      832      793     1451     1358     3592    14319 |     26567

                    SUM           43037     4141     4435     3987     5088     5113     9482    27173 |    102456
                                              OBSERVATION
                                  28408     1649     1520     1251     1261     1255     1533     3462 |     40339
                                   2767      344      388      325      418      408      676     1238 |      6564
                                   2108      351      345      289      359      410      578     1140 |      5580
                 MNWC2-Bs-mix1     1798      373      368      330      368      411      666     1339 |      5653
                                   1545      303      294      329      417      419      757     1580 |      5644
                                   1386      300      348      372      433      388      850     1875 |      5952
                                   1638      332      437      385      600      594     1208     3096 |      8290
                                   3387      489      735      706     1232     1228     3214    13443 |     24434

                    SUM           43037     4141     4435     3987     5088     5113     9482    27173 |    102456
                                              OBSERVATION
                                  28495     1765     1570     1366     1298     1339     1608     3543 |     40984
                                   2668      352      374      310      377      451      602     1232 |      6366
                                   2038      317      342      293      362      370      584     1142 |      5448
                  MNWC-Bs-mix2     1861      316      359      327      383      401      724     1299 |      5670
                                   1571      310      349      317      395      397      716     1499 |      5554
                                   1446      295      326      331      437      420      874     1848 |      5977
                                   1718      319      400      375      616      565     1215     3071 |      8279
                                   3240      467      715      668     1220     1170     3159    13539 |     24178

                    SUM           43037     4141     4435     3987     5088     5113     9482    27173 |    102456

