 <pre>

 Contingency table for clouds <7500m (octas)
 Selection: METCOOPCoast     37 stations
Period: 20240601-20240630
Used {00,03,...,21} + 01 02 ... 12
 Limits    1.00000000       2.00000000       3.00000000       4.00000000       5.00000000       6.00000000       7.00000000    
 Each class is data <= limit, the very last > last limit
 Total number of values      105046
                                              OBSERVATION
                                  46094     1449     1440     1022     1126      884     1688     2399 |     56102
                                   3252      275      318      252      301      213      556      572 |      5739
                                   2425      255      304      208      283      220      499      577 |      4771
                     MNWC2-ref     2157      270      285      228      269      183      606      660 |      4658
                                   1720      189      302      217      284      226      598      675 |      4211
                                   1637      212      335      208      325      256      739      912 |      4624
                                   1931      247      461      252      498      393     1159     1429 |      6370
                                   3105      516      856      584     1311      940     3669     7590 |     18571

                    SUM           62321     3413     4301     2971     4397     3315     9514    14814 |    105046
                                              OBSERVATION
                                  46282     1435     1449     1023     1123      880     1735     2480 |     56407
                                   3301      289      338      259      293      235      567      565 |      5847
                                   2498      259      289      222      263      219      474      543 |      4767
                  MNWC2-Bscale     2097      271      310      237      282      214      545      648 |      4604
                                   1712      217      293      198      288      227      629      687 |      4251
                                   1596      195      317      208      346      218      754      885 |      4519
                                   1941      272      441      282      507      394     1190     1423 |      6450
                                   2894      475      864      542     1295      928     3620     7583 |     18201

                    SUM           62321     3413     4301     2971     4397     3315     9514    14814 |    105046
                                              OBSERVATION
                                  48602     1644     1697     1162     1270     1008     1976     2733 |     60092
                                   2846      280      340      240      361      218      592      623 |      5500
                                   2173      231      292      207      251      218      574      553 |      4499
                 MNWC2-Bs-mix1     1765      240      287      227      265      212      655      640 |      4291
                                   1502      209      271      181      268      235      638      725 |      4029
                                   1356      184      277      213      319      231      703      794 |      4077
                                   1532      245      414      254      513      375     1167     1406 |      5906
                                   2545      380      723      487     1150      818     3209     7340 |     16652

                    SUM           62321     3413     4301     2971     4397     3315     9514    14814 |    105046
                                              OBSERVATION
                                  48593     1701     1733     1187     1312      993     1971     2425 |     59915
                                   2882      260      316      229      321      220      594      593 |      5415
                                   2123      228      272      221      261      215      538      523 |      4381
                  MNWC-Bs-mix2     1742      212      293      202      277      230      595      599 |      4150
                                   1529      184      306      183      280      233      602      668 |      3985
                                   1427      181      270      198      326      262      760      842 |      4266
                                   1527      246      389      245      460      344     1168     1352 |      5731
                                   2498      401      722      506     1160      818     3286     7812 |     17203

                    SUM           62321     3413     4301     2971     4397     3315     9514    14814 |    105046

