 <pre>

 Contingency table for Rh2m (%)
 Selection: METCOOP    674 stations
Period: 20240601-20240630
Used {00,03,...,21} + 00 01 ... 12
 Limits    30.0000000       50.0000000       65.0000000       75.0000000       85.0000000       95.0000000       100.000000    
 Each class is data <= limit, the very last > last limit
 Total number of values     2017000
                                              OBSERVATION
                                   1091     1971       49        3        1        0        0        0 |      3115
                                   5219   128144    40136     3949     1080      352       55        0 |    178935
                                    772    74928   203795    70115    20149     6299     1098        0 |    377156
                     MNWC2-ref       72    10195    94429   152571    87074    25075     4754        0 |    374170
                                     15     3059    30687    93446   183965   104407    19892        0 |    435471
                                      5     1150    10399    31078   106496   225597    84288        0 |    459013
                                     17      113     1248     4293    17916    68666    92490        0 |    184743
                                      0        0        5       36      257      993     3106        0 |      4397

                    SUM            7191   219560   380748   355491   416938   431389   205683        0 |   2017000
                                              OBSERVATION
                                   1084     2060       43        2        2        0        0        0 |      3191
                                   5204   127408    41935     4114     1142      399       50        0 |    180252
                                    794    74826   200552    71371    20804     6403     1129        0 |    375879
                  MNWC2-Bscale       74    10772    94390   150029    87141    25084     4812        0 |    372302
                                     12     3171    32114    93568   182457   105023    20199        0 |    436544
                                      7     1227    10448    32038   106695   224246    83791        0 |    458452
                                     16       96     1254     4325    18462    69233    92609        0 |    185995
                                      0        0       12       44      235     1001     3093        0 |      4385

                    SUM            7191   219560   380748   355491   416938   431389   205683        0 |   2017000
                                              OBSERVATION
                                   1465     3514       65        2        0        1        0        0 |      5047
                                   4992   140399    55401     5715     1557      625       83        0 |    208772
                                    643    64220   207779    83731    25259     7927     1419        0 |    390978
                 MNWC2-Bs-mix1       57     8143    83203   150822    95201    28840     5719        0 |    371985
                                     12     2368    25452    85373   182023   109955    21759        0 |    426942
                                      5      861     7996    26554    97356   220319    85618        0 |    438709
                                     17       55      849     3256    15328    62821    88330        0 |    170656
                                      0        0        3       38      214      901     2755        0 |      3911

                    SUM            7191   219560   380748   355491   416938   431389   205683        0 |   2017000
                                              OBSERVATION
                                   1611     4373      109        6        0        3        0        0 |      6102
                                   4856   145834    61158     6398     1907      744       99        0 |    220996
                                    633    59442   209495    86248    26475     8784     1617        0 |    392694
                  MNWC-Bs-mix2       50     7154    78788   150779    96237    30105     6277        0 |    369390
                                     18     2011    23417    84103   182187   110680    22640        0 |    425056
                                      5      693     7061    24881    95912   220176    86109        0 |    434837
                                     17       53      716     3025    13988    59886    86508        0 |    164193
                                      1        0        4       51      232     1011     2433        0 |      3732

                    SUM            7191   219560   380748   355491   416938   431389   205683        0 |   2017000

