 <pre>

 Contingency table for Cloud base (m)
 Selection: SwedenOpenLandWind     45 stations
Period: 20240601-20240630
Used {00,03,...,21} + 01 02 ... 12
 Limits    70.0000000       150.000000       300.000000       600.000000       1000.00000       1500.00000       2500.00000       5000.00000    
 Each class is data <= limit, the very last > last limit
 Total number of values      118053
                                                       OBSERVATION
                                    255      237      153       23        7        8       48       66      331 |      1128
                                     85      195      171       43       23       22       16        8       30 |       593
                                     66      235      511      246       98       55       52       13       98 |      1374
                                     64      188      557     1114      552      256      209       92      470 |      3502
                     MNWC2-ref       71      148      365      840     1475      990      605      248     1215 |      5957
                                    147      134      323      582     1209     2978     2747      752     2305 |     11177
                                    239      207      318      502      530     1650     6084     2723     4237 |     16490
                                    208      111      233      334      394      709     2256     3719     2009 |      9973
                                   1021      482      872     1354     1614     2577     6147     6588    47204 |     67859

                    SUM            2156     1937     3503     5038     5902     9245    18164    14209    57899 |    118053
                                                       OBSERVATION
                                    288      214      145       35        5       18       63       76      330 |      1174
                                     73      197      185       51       16       25       18       10       23 |       598
                                     75      208      494      236       94       56       54       23      111 |      1351
                                     74      190      606     1150      550      249      212       76      511 |      3618
                  MNWC2-Bscale       81      178      345      850     1536     1014      678      218     1185 |      6085
                                    126      143      328      572     1128     2951     2709      785     2343 |     11085
                                    270      189      301      461      549     1605     6080     2778     4162 |     16395
                                    189      130      217      287      380      735     2162     3634     1987 |      9721
                                    980      488      882     1396     1644     2592     6188     6609    47247 |     68026

                    SUM            2156     1937     3503     5038     5902     9245    18164    14209    57899 |    118053
                                                       OBSERVATION
                                    328      238      154       28        3       23       39       61      360 |      1234
                                     80      162      196       42       16       17       14        9       28 |       564
                                     86      227      462      197       85       34       39       15       74 |      1219
                                     81      189      601     1163      516      193      175       56      436 |      3410
                 MNWC2-Bs-mix1       76      161      356      834     1505      897      526      183     1026 |      5564
                                    119      139      326      584     1174     2971     2389      671     1992 |     10365
                                    224      188      295      450      520     1675     6205     2473     3580 |     15610
                                    157      106      223      308      396      657     2087     3335     1658 |      8927
                                   1005      527      890     1432     1687     2778     6690     7406    48745 |     71160

                    SUM            2156     1937     3503     5038     5902     9245    18164    14209    57899 |    118053
                                                       OBSERVATION
                                    368      249      171       39       12       28       66       73      316 |      1322
                                     94      241      212       53       10       20        6        4       33 |       673
                                    106      238      549      222       79       54       27        9       84 |      1368
                                     94      232      659     1266      506      217      165       84      484 |      3707
                  MNWC-Bs-mix2       67      130      346      865     1549      828      493      160     1017 |      5455
                                    106      123      312      568     1211     2833     2247      634     1949 |      9983
                                    186      168      275      397      569     1768     5856     2458     3545 |     15222
                                    173       99      201      277      351      693     2133     3399     1694 |      9020
                                    962      457      778     1351     1615     2804     7171     7388    48777 |     71303

                    SUM            2156     1937     3503     5038     5902     9245    18164    14209    57899 |    118053

