 <pre>

 Contingency table for clouds <7500m (octas)
 Selection: Svealand     29 stations
Period: 20240601-20240630
Used {00,03,...,21} + 01 02 ... 12
 Limits    1.00000000       2.00000000       3.00000000       4.00000000       5.00000000       6.00000000       7.00000000    
 Each class is data <= limit, the very last > last limit
 Total number of values       82582
                                              OBSERVATION
                                  27337     1404     1317      919      880      686     1011     1478 |     35032
                                   2255      352      330      256      292      240      424      591 |      4740
                                   1795      268      328      302      327      276      455      556 |      4307
                     MNWC2-ref     1722      384      402      327      363      310      562      781 |      4851
                                   1389      312      388      309      402      331      598      917 |      4646
                                   1174      271      381      284      443      369      711     1114 |      4747
                                   1358      297      540      336      593      539     1016     1836 |      6515
                                   2320      505      918      573     1207     1228     2815     8178 |     17744

                    SUM           39350     3793     4604     3306     4507     3979     7592    15451 |     82582
                                              OBSERVATION
                                  27334     1483     1279      955      896      695     1029     1451 |     35122
                                   2296      340      341      271      283      245      457      654 |      4887
                                   1831      294      361      279      341      253      426      593 |      4378
                  MNWC2-Bscale     1641      336      387      320      364      314      596      729 |      4687
                                   1382      297      438      289      413      337      643      861 |      4660
                                   1178      253      432      288      438      401      704     1105 |      4799
                                   1456      281      503      344      565      535     1025     1839 |      6548
                                   2232      509      863      560     1207     1199     2712     8219 |     17501

                    SUM           39350     3793     4604     3306     4507     3979     7592    15451 |     82582
                                              OBSERVATION
                                  28862     1639     1424     1039      979      794     1223     1679 |     37639
                                   2095      327      389      281      314      271      439      655 |      4771
                                   1703      306      395      285      358      280      490      723 |      4540
                 MNWC2-Bs-mix1     1457      317      399      314      382      327      599      795 |      4590
                                   1159      269      408      316      428      357      684     1021 |      4642
                                   1022      242      372      278      449      419      700     1159 |      4641
                                   1132      281      442      310      554      498     1037     1841 |      6095
                                   1920      412      775      483     1043     1033     2420     7578 |     15664

                    SUM           39350     3793     4604     3306     4507     3979     7592    15451 |     82582
                                              OBSERVATION
                                  28763     1649     1474     1057     1030      850     1271     1669 |     37763
                                   2093      299      352      268      305      285      452      680 |      4734
                                   1738      303      396      279      383      272      492      660 |      4523
                  MNWC-Bs-mix2     1460      330      401      322      332      312      557      865 |      4579
                                   1157      244      386      310      400      337      648      947 |      4429
                                   1063      274      406      290      441      367      741     1175 |      4757
                                   1216      289      419      322      541      514      994     1911 |      6206
                                   1860      405      770      458     1075     1042     2437     7544 |     15591

                    SUM           39350     3793     4604     3306     4507     3979     7592    15451 |     82582

