 <pre>

 Contingency table for Rh2m (%)
 Selection: Sweden    175 stations
Period: 20240601-20240630
Used {00,03,...,21} + 00 01 ... 12
 Limits    30.0000000       50.0000000       65.0000000       75.0000000       85.0000000       95.0000000       100.000000    
 Each class is data <= limit, the very last > last limit
 Total number of values      534121
                                              OBSERVATION
                                    594      835       15        0        0        0        0        0 |      1444
                                   2214    40930    12463     1328      474      111       18        0 |     57538
                                    232    22580    60361    19311     5579     1679      246        0 |    109988
                     MNWC2-ref       12     3255    24735    37740    20741     5958     1044        0 |     93485
                                      8      947     7966    23264    43553    23319     4623        0 |    103680
                                      4      390     3146     8774    27495    51581    21225        0 |    112615
                                     16       63      632     1891     7254    18341    25469        0 |     53666
                                      0        0        0       28      180      393     1104        0 |      1705

                    SUM            3080    69000   109318    92336   105276   101382    53729        0 |    534121
                                              OBSERVATION
                                    567      783       15        0        0        0        0        0 |      1365
                                   2236    40857    13028     1400      479      120       14        0 |     58134
                                    236    22583    59237    19682     5793     1775      260        0 |    109566
                  MNWC2-Bscale       15     3303    24951    36948    20916     5940     1129        0 |     93202
                                      6      999     8313    23475    43106    23462     4631        0 |    103992
                                      4      430     3135     8946    27216    51364    21140        0 |    112235
                                     16       45      638     1857     7608    18290    25334        0 |     53788
                                      0        0        1       28      158      431     1221        0 |      1839

                    SUM            3080    69000   109318    92336   105276   101382    53729        0 |    534121
                                              OBSERVATION
                                    849     1368        9        0        0        0        0        0 |      2226
                                   2023    45136    17034     1885      616      187       23        0 |     66904
                                    169    19004    61420    22917     7140     2277      328        0 |    113255
                 MNWC2-Bs-mix1       12     2530    21553    37528    22930     6874     1301        0 |     92728
                                      7      646     6538    21101    43354    24767     5148        0 |    101561
                                      3      287     2373     7520    24854    50562    21856        0 |    107455
                                     17       29      391     1369     6233    16391    24018        0 |     48448
                                      0        0        0       16      149      324     1055        0 |      1544

                    SUM            3080    69000   109318    92336   105276   101382    53729        0 |    534121
                                              OBSERVATION
                                    972     1670       39        2        0        0        0        0 |      2683
                                   1919    47229    19320     2247      787      266       34        0 |     71802
                                    151    17153    61513    23713     7723     2602      381        0 |    113236
                  MNWC-Bs-mix2       12     2172    20124    37372    23359     7595     1497        0 |     92131
                                      6      510     6008    20686    43203    25118     5388        0 |    100919
                                      2      233     1993     6945    24440    49819    22065        0 |    105497
                                     17       33      321     1363     5647    15658    23526        0 |     46565
                                      1        0        0        8      117      324      838        0 |      1288

                    SUM            3080    69000   109318    92336   105276   101382    53729        0 |    534121

