 <pre>

 Contingency table for clouds <7500m (octas)
 Selection: FinlandNorth     19 stations
Period: 20240601-20240630
Used {00,03,...,21} + 01 02 ... 12
 Limits    1.00000000       2.00000000       3.00000000       4.00000000       5.00000000       6.00000000       7.00000000    
 Each class is data <= limit, the very last > last limit
 Total number of values       50566
                                              OBSERVATION
                                  10360      442      762      312      562      276     1084      413 |     14211
                                   1056      117      219       79      241      113      563      239 |      2627
                                    928      109      244       85      205       98      657      242 |      2568
                     MNWC2-ref      812      130      208      110      272      108      793      308 |      2741
                                    709      107      198      110      283      123      946      399 |      2875
                                    694      126      242      106      328      131     1158      508 |      3293
                                    793      151      353      182      485      197     2041      957 |      5159
                                   1281      237      602      300     1037      436     6876     6323 |     17092

                    SUM           16633     1419     2828     1284     3413     1482    14118     9389 |     50566
                                              OBSERVATION
                                  10391      439      784      292      573      284     1091      396 |     14250
                                   1084      113      245      107      244      108      592      229 |      2722
                                    943      108      208       91      237       92      615      296 |      2590
                  MNWC2-Bscale      820      129      222      112      284      107      793      301 |      2768
                                    685      122      219      104      283      124      940      364 |      2841
                                    669      110      246      119      337      154     1164      556 |      3355
                                    825      150      332      171      461      198     1995     1019 |      5151
                                   1216      248      572      288      994      415     6928     6228 |     16889

                    SUM           16633     1419     2828     1284     3413     1482    14118     9389 |     50566
                                              OBSERVATION
                                  11090      505      872      337      667      302     1297      497 |     15567
                                   1086      123      240      120      233      113      678      293 |      2886
                                    822      117      247       91      257       98      744      298 |      2674
                 MNWC2-Bs-mix1      758      145      238      111      294      139      917      329 |      2931
                                    644      105      234      129      289      144     1050      414 |      3009
                                    579      118      231      107      356      133     1296      536 |      3356
                                    716      140      297      148      454      183     1912     1002 |      4852
                                    938      166      469      241      863      370     6224     6020 |     15291

                    SUM           16633     1419     2828     1284     3413     1482    14118     9389 |     50566
                                              OBSERVATION
                                  11312      564      913      360      758      340     1522      592 |     16361
                                    999      137      262       95      251      119      748      292 |      2903
                                    776      118      211      122      254      115      759      276 |      2631
                  MNWC-Bs-mix2      815      105      229      125      268      125      841      372 |      2880
                                    624       97      248      125      312      121     1027      444 |      2998
                                    546       85      232      113      333      134     1257      513 |      3213
                                    662      133      294      131      445      181     2030     1027 |      4903
                                    899      180      439      213      792      347     5934     5873 |     14677

                    SUM           16633     1419     2828     1284     3413     1482    14118     9389 |     50566

