 <pre>

 Contingency table for Cloud base (m)
 Selection: Finland    105 stations
Period: 20240601-20240630
Used {00,03,...,21} + 01 02 ... 12
 Limits    70.0000000       150.000000       300.000000       600.000000       1000.00000       1500.00000       2500.00000       5000.00000    
 Each class is data <= limit, the very last > last limit
 Total number of values      253437
                                                       OBSERVATION
                                    515      208       75       45       12       16       80       45      599 |      1595
                                    199      332      283       93       24       34       66       18       65 |      1114
                                    256      693     1156      561      205      128      204       87       90 |      3380
                                    157      549     2000     2767     1513      673      724      326      387 |      9096
                     MNWC2-ref      133      274      807     2194     3370     2035     1540      609      942 |     11904
                                    156      258      872     1641     3349     7192     5888     2036     2864 |     24256
                                    227      347      836     1187     1632     4108    15013     6122     6711 |     36183
                                    149      222      565      821      893     1515     6569     8507     2938 |     22179
                                   1283      997     1940     2744     3346     6052    14555    13076    99737 |    143730

                    SUM            3075     3880     8534    12053    14344    21753    44639    30826   114333 |    253437
                                                       OBSERVATION
                                    458      177       78       51        7       22       81       61      529 |      1464
                                    171      315      260       86       40       30       70       22       48 |      1042
                                    255      691     1123      537      196      145      202       91       65 |      3305
                                    164      531     1912     2842     1467      645      787      299      343 |      8990
                  MNWC2-Bscale      111      255      853     2150     3466     1930     1530      631      948 |     11874
                                    140      271      860     1546     3354     7126     5883     1991     2896 |     24067
                                    223      368      933     1259     1660     4232    14949     6078     6603 |     36305
                                    176      223      583      814      873     1648     6568     8507     2991 |     22383
                                   1377     1049     1932     2768     3281     5975    14569    13146    99910 |    144007

                    SUM            3075     3880     8534    12053    14344    21753    44639    30826   114333 |    253437
                                                       OBSERVATION
                                    518      207       83       53       12       32       86       55      511 |      1557
                                    179      337      249       80       35       20       43       19       42 |      1004
                                    209      609      981      432      134       76      110       59       57 |      2667
                                    175      533     1819     2526     1106      447      510      202      202 |      7520
                 MNWC2-Bs-mix1       83      278      843     2190     3153     1570     1173      474      553 |     10317
                                    141      271      894     1632     3573     6908     5092     1705     2117 |     22333
                                    222      335      902     1233     1688     4722    15057     5519     5269 |     34947
                                    161      218      517      770      853     1443     6178     8085     2191 |     20416
                                   1387     1092     2246     3137     3790     6535    16390    14708   103391 |    152676

                    SUM            3075     3880     8534    12053    14344    21753    44639    30826   114333 |    253437
                                                       OBSERVATION
                                    635      210       94       45       19       28      120      126      683 |      1960
                                    189      321      280       62       18       24       49       27       84 |      1054
                                    225      709     1099      434      115       74      111       67       84 |      2918
                                    210      609     1931     2539      986      371      497      187      229 |      7559
                  MNWC-Bs-mix2      132      308      936     2431     2990     1360     1127      580      617 |     10481
                                    120      242      885     1680     3669     6675     4805     1692     1985 |     21753
                                    219      328      808     1245     1690     4784    14742     5570     5334 |     34720
                                    146      201      510      756      826     1459     6033     7792     2199 |     19922
                                   1199      952     1991     2861     4031     6978    17155    14785   103118 |    153070

                    SUM            3075     3880     8534    12053    14344    21753    44639    30826   114333 |    253437

