 <pre>

 Contingency table for Cloud base (m)
 Selection: Svealand     34 stations
Period: 20240601-20240630
Used {00,03,...,21} + 01 02 ... 12
 Limits    70.0000000       150.000000       300.000000       600.000000       1000.00000       1500.00000       2500.00000       5000.00000    
 Each class is data <= limit, the very last > last limit
 Total number of values       83123
                                                       OBSERVATION
                                    174       88       57       11        2       12       28       39      165 |       576
                                     27       97       70       26        4        5        9        8       17 |       263
                                     33      200      427      149       65       47       25        8       54 |      1008
                                     22       89      483     1042      596      242      136       48      184 |      2842
                     MNWC2-ref       18       62      215      717     1441      867      453      129      459 |      4361
                                     45       76      236      379      937     3117     2087      541     1007 |      8425
                                     91       98      196      341      446     1866     4720     1920     2265 |     11943
                                    101       50      107      190      264      688     1917     3313     1133 |      7763
                                    441      270      467      685     1296     2861     5458     4138    30326 |     45942

                    SUM             952     1030     2258     3540     5051     9705    14833    10144    35610 |     83123
                                                       OBSERVATION
                                    190      103       52        7        6       11       34       44      187 |       634
                                     36      113       62       35        6        5       10        4       12 |       283
                                     32      182      443      160       65       54       26       17       50 |      1029
                                     25       88      495     1060      563      243      134       51      181 |      2840
                  MNWC2-Bscale       17       69      239      711     1447      920      486      133      462 |      4484
                                     38       87      234      381      951     3027     2151      567      991 |      8427
                                    117       91      183      295      451     1850     4565     1873     2200 |     11625
                                     84       44      109      212      239      692     1819     3134     1027 |      7360
                                    413      253      441      679     1323     2903     5608     4321    30500 |     46441

                    SUM             952     1030     2258     3540     5051     9705    14833    10144    35610 |     83123
                                                       OBSERVATION
                                    207      118       50       14        2       18       35       46      188 |       678
                                     32       94       70       32        4        6        7        3       13 |       261
                                     23      157      370      122       49       42       19       10       34 |       826
                                     21      102      501      979      482      189      107       48      152 |      2581
                 MNWC2-Bs-mix1       25       63      216      776     1415      716      393       78      387 |      4069
                                     37       75      257      378      980     3026     1735      452      799 |      7739
                                    102       87      188      287      434     1950     4645     1625     1826 |     11144
                                     67       46      112      228      257      686     1821     3086      765 |      7068
                                    438      288      494      724     1428     3072     6071     4796    31446 |     48757

                    SUM             952     1030     2258     3540     5051     9705    14833    10144    35610 |     83123
                                                       OBSERVATION
                                    184      101       48       11        3       16       50       38      205 |       656
                                     29       89       70       41        1       13        8        4       10 |       265
                                     37      171      354      109       32       36       15        8       48 |       810
                                     22      119      539     1023      448      198       90       44      158 |      2641
                  MNWC-Bs-mix2       15       71      217      776     1467      746      368       89      382 |      4131
                                     34       68      265      408     1002     2900     1641      431      694 |      7443
                                     99       88      192      289      433     1974     4493     1604     1855 |     11027
                                     82       43      110      183      278      677     1787     3237      901 |      7298
                                    450      280      463      700     1387     3145     6381     4689    31357 |     48852

                    SUM             952     1030     2258     3540     5051     9705    14833    10144    35610 |     83123

