 <pre>

 Contingency table for Rh2m (%)
 Selection: FinlandLand    107 stations
Period: 20240601-20240630
Used {00,03,...,21} + 00 01 ... 12
 Limits    30.0000000       50.0000000       65.0000000       75.0000000       85.0000000       95.0000000       100.000000    
 Each class is data <= limit, the very last > last limit
 Total number of values      323947
                                              OBSERVATION
                                    140      450       10        0        0        0        0        0 |       600
                                    855    36349    11507      882      271      136       18        0 |     50018
                                    156    14078    41128    13123     4177     1622      355        0 |     74639
                     MNWC2-ref       13     2040    14953    20539    11908     4572     1120        0 |     55145
                                      1      624     5075    11141    19526    13870     4308        0 |     54545
                                      0      256     1932     4323    10889    26143    14760        0 |     58303
                                      0       22      187      658     1860     8698    18167        0 |     29592
                                      0        0        0        1       16      116      972        0 |      1105

                    SUM            1165    53819    74792    50667    48647    55157    39700        0 |    323947
                                              OBSERVATION
                                    148      578       10        0        0        0        0        0 |       736
                                    859    36645    12466     1016      295      170       17        0 |     51468
                                    148    13645    40479    13686     4548     1735      369        0 |     74610
                  MNWC2-Bscale        9     2074    14497    19967    12119     4723     1256        0 |     54645
                                      1      606     5225    10842    18754    13891     4423        0 |     53742
                                      0      250     1943     4462    11036    25654    14496        0 |     57841
                                      0       21      172      689     1880     8830    18166        0 |     29758
                                      0        0        0        5       15      154      973        0 |      1147

                    SUM            1165    53819    74792    50667    48647    55157    39700        0 |    323947
                                              OBSERVATION
                                    205     1192       33        0        0        0        0        0 |      1430
                                    864    39878    17435     1633      488      260       36        0 |     60594
                                     92    10651    40503    16918     5846     2283      534        0 |     76827
                 MNWC2-Bs-mix1        4     1519    11800    19407    13780     5705     1560        0 |     53775
                                      0      424     3563     8917    18097    14826     4877        0 |     50704
                                      0      148     1323     3325     8998    24740    15004        0 |     53538
                                      0        7      135      466     1429     7240    16948        0 |     26225
                                      0        0        0        1        9      103      741        0 |       854

                    SUM            1165    53819    74792    50667    48647    55157    39700        0 |    323947
                                              OBSERVATION
                                    231     1462       34        1        0        1        0        0 |      1729
                                    848    40730    18279     1720      569      285       41        0 |     62472
                                     79     9874    41399    17549     6105     2485      598        0 |     78089
                  MNWC-Bs-mix2        5     1305    10956    19566    13815     5977     1766        0 |     53390
                                      2      310     2944     8692    18626    15314     5173        0 |     51061
                                      0      129     1067     2751     8309    24371    14891        0 |     51518
                                      0        9      113      379     1212     6619    16667        0 |     24999
                                      0        0        0        9       11      105      564        0 |       689

                    SUM            1165    53819    74792    50667    48647    55157    39700        0 |    323947

