 <pre>

 Contingency table for Visibility (m)
 Selection: FinlandInlandWind     22 stations
Period: 20240601-20240630
Used {00,03,...,21} + 00 01 ... 12
 Limits    200.000000       500.000000       1000.00000       3000.00000       5000.00000       10000.0000       20000.0000       40000.0000    
 Each class is data <= limit, the very last > last limit
 Total number of values       66684
                                                       OBSERVATION
                                      7       24        4       20       11       22       45       17       26 |       176
                                      6       24       11       18        5       19       42       44       38 |       207
                                      6       22        8        8        3       14       21       30       18 |       130
                                      5       30       13       36       23       67       86      110      118 |       488
                     MNWC2-ref       11       32       19       28       25      151      268      204      289 |      1027
                                     19       31       26       62       72      275      654     1010     1179 |      3328
                                     29       63       56      108       93      385     1185     3518     7248 |     12685
                                      0       11       18       39       50      221      549     4872    18706 |     24466
                                      7       13       15       27       21      120      300     4135    19539 |     24177

                    SUM              90      250      170      346      303     1274     3150    13940    47161 |     66684
                                                       OBSERVATION
                                      9       38        8       16        9       18       38       16       32 |       184
                                     10       21       14       21        7       20       37       43       45 |       218
                                      0        5        2        7        3        8       23       20       24 |        92
                                     10       33       13       35       22       61       85      113      120 |       492
                  MNWC2-Bscale       11       17       12       35       21      158      203      206      251 |       914
                                      7       33       33       58       73      261      686     1019     1031 |      3201
                                     36       74       54      114       94      375     1179     3345     6990 |     12261
                                      1       10       16       39       58      248      582     4927    18646 |     24527
                                      6       19       18       21       16      125      317     4251    20022 |     24795

                    SUM              90      250      170      346      303     1274     3150    13940    47161 |     66684
                                                       OBSERVATION
                                      4       33       10       20        8       34       44       13       43 |       209
                                      4       23        7       15        7       22       37       33       47 |       195
                                      4       17        5       13        3        7       13       22       16 |       100
                                      8       23       17       32       19       58       94       83      103 |       437
                 MNWC2-Bs-mix1        5       10       16       29       26      102      196      158      256 |       798
                                     12       47       29       51       72      312      630      847      942 |      2942
                                     40       66       47      123       88      380     1190     3258     5940 |     11132
                                      5       15       19       40       57      210      615     4623    17863 |     23447
                                      8       16       20       23       23      149      331     4903    21951 |     27424

                    SUM              90      250      170      346      303     1274     3150    13940    47161 |     66684
                                                       OBSERVATION
                                      5       53       19       22       17       31       51       32       27 |       257
                                      7       23        7       15        8       14       54       44       39 |       211
                                      1       14        9        8        1        9       11       25       38 |       116
                                      8       20        4       28       13       48       86       92       93 |       392
                  MNWC-Bs-mix2        6       23        8       29       28      107      194      155      184 |       734
                                     12       21       25       59       61      332      599      828      787 |      2724
                                     39       62       61      108       91      347     1184     3157     5703 |     10752
                                      5       16       19       46       64      257      616     4655    17412 |     23090
                                      7       18       18       31       20      129      355     4952    22878 |     28408

                    SUM              90      250      170      346      303     1274     3150    13940    47161 |     66684

