 <pre>

 Contingency table for Visibility (m)
 Selection: Finland    103 stations
Period: 20240601-20240630
Used {00,03,...,21} + 00 01 ... 12
 Limits    200.000000       500.000000       1000.00000       3000.00000       5000.00000       10000.0000       20000.0000       40000.0000    
 Each class is data <= limit, the very last > last limit
 Total number of values      313818
                                                       OBSERVATION
                                     43       80       36       28       31       57      197      101       56 |       629
                                     36       57       50       53       12       62      224      119       90 |       703
                                     22       37       18       26       16       52      118       74       60 |       423
                                     72       57       46      162      130      313      698      358      357 |      2193
                     MNWC2-ref       83       63       60      150      204      604     1371      632      785 |      3952
                                     96       93       85      303      425     1396     3843     2695     2939 |     11875
                                    148      237      181      558      539     2115    11537    11267    20818 |     47400
                                     85      127      102      293      449     1620    24152    23750    63906 |    114484
                                     42      126       87      213      281     1011    30340    30602    69457 |    132159

                    SUM             627      877      665     1786     2087     7230    72480    69598   158468 |    313818
                                                       OBSERVATION
                                     47       89       51       27       17       46      164       95       71 |       607
                                     44       43       40       45       24       51      167       99      100 |       613
                                     15       20       18       28       17       41      152       55       77 |       423
                                     69       65       35      170      132      301      745      360      381 |      2258
                  MNWC2-Bscale       76       41       54      151      167      598     1366      641      735 |      3829
                                     81       97       99      287      424     1390     3869     2684     2740 |     11671
                                    153      246      167      551      590     2123    11586    11005    20459 |     46880
                                     97      140       96      314      435     1638    24083    23386    63308 |    113497
                                     45      136      105      213      281     1042    30348    31273    70597 |    134040

                    SUM             627      877      665     1786     2087     7230    72480    69598   158468 |    313818
                                                       OBSERVATION
                                     39       94       47       41       28       63      180       80       74 |       646
                                     38       46       41       36       19       47      178      104       91 |       600
                                     16       37       15       37       15       40      109       62       42 |       373
                                     66       58       51      142      100      292      668      273      296 |      1946
                 MNWC2-Bs-mix1       65       24       50      143      203      554     1180      541      639 |      3399
                                     83      111       90      293      389     1333     3404     2330     2303 |     10336
                                    162      231      164      562      554     2154    10669    10507    17663 |     42666
                                    114      156       98      307      468     1604    23248    22353    60765 |    109113
                                     44      120      109      225      311     1143    32844    33348    76595 |    144739

                    SUM             627      877      665     1786     2087     7230    72480    69598   158468 |    313818
                                                       OBSERVATION
                                     63      143       58       54       33       65      194      133      110 |       853
                                     43       68       55       56       23       68      267      152      135 |       867
                                     15       24       19       29       16       38      113       93      100 |       447
                                     54       46       30      131      102      263      546      312      304 |      1788
                  MNWC-Bs-mix2       58       51       34      135      185      524     1072      540      506 |      3105
                                     81       78       75      309      368     1370     3259     2219     2104 |      9863
                                    174      217      189      510      531     2072    10439    10292    17208 |     41632
                                     95      163      108      319      522     1734    23315    22813    59570 |    108639
                                     44       87       97      243      307     1096    33275    33044    78431 |    146624

                    SUM             627      877      665     1786     2087     7230    72480    69598   158468 |    313818

