 <pre>

 Contingency table for Cloud base (m)
 Selection: METCOOPMountain      6 stations
Period: 20240601-20240630
Used {00,03,...,21} + 01 02 ... 12
 Limits    70.0000000       150.000000       300.000000       600.000000       1000.00000       1500.00000       2500.00000       5000.00000    
 Each class is data <= limit, the very last > last limit
 Total number of values       14216
                                                       OBSERVATION
                                      3       19       53       35        9        5        4        5       25 |       158
                                      3       15       78       71       23       10        6        2       14 |       222
                                      3       35      125      179       37       21       14        4       69 |       487
                                      6       35      139      317      186       76       47       24      273 |      1103
                     MNWC2-ref        4       17       65      214      206      253      148       67      469 |      1443
                                     20        8       22      115      108      538      494      115      596 |      2016
                                     10        6       32       86       82      229      593      196      703 |      1937
                                      3       11       31       24       46      101      132      146      301 |       795
                                      4        3       89      240      266      371      836      485     3761 |      6055

                    SUM              56      149      634     1281      963     1604     2274     1044     6211 |     14216
                                                       OBSERVATION
                                      2       19       52       45        6        9       23        6       18 |       180
                                      2       19       73       66       27       15        4        3       10 |       219
                                      5       25      128      167       36       26       21        6       81 |       495
                                      4       29      140      330      195       77       51       21      320 |      1167
                  MNWC2-Bscale        4       20       81      189      183      242      153       47      460 |      1379
                                     17       12       27      136      130      534      492      124      584 |      2056
                                     14        7       23       68       85      215      614      209      720 |      1955
                                      4       13       35       28       40      112      142      151      315 |       840
                                      4        5       75      252      261      374      774      477     3703 |      5925

                    SUM              56      149      634     1281      963     1604     2274     1044     6211 |     14216
                                                       OBSERVATION
                                      4       12       71       28        6       18       15        3       19 |       176
                                      1       14       78       93       22        8        7        1       15 |       239
                                      3       30       99      155       39       23       17        3       46 |       415
                                      5       28      142      334      182       70       41       16      271 |      1089
                 MNWC2-Bs-mix1        5       28       61      195      204      199      112       48      440 |      1292
                                     20       15       29      115      111      521      433      109      562 |      1915
                                     12        4       24       99       70      230      632      206      656 |      1933
                                      4        9       25       30       41      102      131      126      295 |       763
                                      2        9      105      232      288      433      886      532     3907 |      6394

                    SUM              56      149      634     1281      963     1604     2274     1044     6211 |     14216
                                                       OBSERVATION
                                      3       14       51       28        2       10        9        2       12 |       131
                                      1       12       61       81       11        6        4        0        6 |       182
                                      3       29      124      161       35       19        9        1       40 |       421
                                      7       27      143      327      198       70       39       20      257 |      1088
                  MNWC-Bs-mix2        7       26       66      191      202      182      110       47      399 |      1230
                                     10       14       32      134      107      522      387      102      554 |      1862
                                     15        5       27       74       82      242      618      222      689 |      1974
                                      3       10       35       37       43      127      144      119      310 |       828
                                      7       12       95      248      283      426      954      531     3944 |      6500

                    SUM              56      149      634     1281      963     1604     2274     1044     6211 |     14216

