 <pre>

 Contingency table for clouds <7500m (octas)
 Selection: Sweden    107 stations
Period: 20240601-20240630
Used {00,03,...,21} + 01 02 ... 12
 Limits    1.00000000       2.00000000       3.00000000       4.00000000       5.00000000       6.00000000       7.00000000    
 Each class is data <= limit, the very last > last limit
 Total number of values      303714
                                              OBSERVATION
                                  92345     5024     4444     3475     3396     2912     3966     7003 |    122565
                                   8674     1165     1144     1006     1122      990     1571     2444 |     18116
                                   6789      988     1117      936     1089     1084     1510     2373 |     15886
                     MNWC2-ref     6379     1117     1285     1136     1223     1175     1879     2985 |     17179
                                   5233     1034     1251     1089     1305     1208     2042     3413 |     16575
                                   4832      931     1238     1023     1383     1332     2460     4384 |     17583
                                   5700     1100     1681     1298     1982     1806     3674     7258 |     24499
                                  10692     1804     3008     2410     4452     4212    10058    34675 |     71311

                    SUM          140644    13163    15168    12373    15952    14719    27160    64535 |    303714
                                              OBSERVATION
                                  92459     5087     4464     3568     3430     2951     3967     7044 |    122970
                                   8722     1145     1170      994     1082     1009     1568     2463 |     18153
                                   6839      993     1112      929     1060     1039     1477     2393 |     15842
                  MNWC2-Bscale     6159     1081     1297     1114     1227     1180     1820     2894 |     16772
                                   5226     1004     1317     1050     1304     1155     2123     3401 |     16580
                                   4860      910     1231     1058     1402     1298     2492     4232 |     17483
                                   5857     1148     1612     1305     1941     1898     3732     7231 |     24724
                                  10522     1795     2965     2355     4506     4189     9981    34877 |     71190

                    SUM          140644    13163    15168    12373    15952    14719    27160    64535 |    303714
                                              OBSERVATION
                                  97631     5611     4952     3988     3822     3407     4554     7726 |    131691
                                   8182     1094     1250      999     1153     1048     1702     2698 |     18126
                                   6276     1071     1195      973     1157     1063     1631     2655 |     16021
                 MNWC2-Bs-mix1     5617     1071     1266     1084     1253     1164     1939     3036 |     16430
                                   4633      914     1178     1034     1309     1208     2181     3752 |     16209
                                   4200      853     1201     1056     1403     1307     2482     4471 |     16973
                                   4844     1011     1514     1220     1977     1821     3608     7243 |     23238
                                   9261     1538     2612     2019     3878     3701     9063    32954 |     65026

                    SUM          140644    13163    15168    12373    15952    14719    27160    64535 |    303714
                                              OBSERVATION
                                  97699     5722     5105     4121     3886     3480     4584     7734 |    132331
                                   7941     1058     1205      951     1113     1111     1675     2730 |     17784
                                   6240     1014     1182      954     1150     1012     1638     2571 |     15761
                  MNWC-Bs-mix2     5583     1040     1253     1082     1235     1141     1945     3048 |     16327
                                   4738      897     1198     1036     1309     1170     2170     3566 |     16084
                                   4370      879     1185     1023     1443     1351     2626     4435 |     17312
                                   5093     1020     1486     1239     1947     1830     3693     7369 |     23677
                                   8980     1533     2554     1967     3869     3624     8829    33082 |     64438

                    SUM          140644    13163    15168    12373    15952    14719    27160    64535 |    303714

