 <pre>

 Contingency table for Low clouds (octas)
 Selection: Norway     32 stations
Period: 20240601-20240630
Used {00,03,...,21} + 01 02 ... 12
 Limits    1.00000000       2.00000000       3.00000000       4.00000000       5.00000000       6.00000000       7.00000000    
 Each class is data <= limit, the very last > last limit
 Total number of values       15906
                                              OBSERVATION
                                   5181      613      421      353      292      278      279      197 |      7614
                                    227       87       92      114       84       84       64       62 |       814
                                    133       52       67       63       82       73       73       61 |       604
                     MNWC2-ref      115       47       48       67       63       61       66       44 |       511
                                     93       48       45       58       66       77       77       52 |       516
                                    101       58       47       64       80       73      103       62 |       588
                                    116       65       58       81      119       99      130      108 |       776
                                    266      270      171      392      586      682     1121      995 |      4483

                    SUM            6232     1240      949     1192     1372     1427     1913     1581 |     15906
                                              OBSERVATION
                                   5149      605      419      358      302      286      278      190 |      7587
                                    217       79       75      100       92       81       72       67 |       783
                                    142       56       65       70       62       77       73       60 |       605
                  MNWC2-Bscale      110       54       56       73       64       79       72       57 |       565
                                    100       51       68       60       83       61       65       60 |       548
                                    117       59       53       56       57       64       95       51 |       552
                                    134       58       57       93      119      111      133      115 |       820
                                    263      278      156      382      593      668     1125      981 |      4446

                    SUM            6232     1240      949     1192     1372     1427     1913     1581 |     15906
                                              OBSERVATION
                                   5331      637      444      387      339      304      267      212 |      7921
                                    189       73       98      109      107       70       76       65 |       787
                                    108       49       52       74       59       54       80       64 |       540
                 MNWC2-Bs-mix1       79       53       44       69       63       51       77       53 |       489
                                     95       61       51       61       70       66       81       43 |       528
                                     82       49       53       69       75       90       95       62 |       575
                                    103       59       46       99      107      116      124      117 |       771
                                    245      259      161      324      552      676     1113      965 |      4295

                    SUM            6232     1240      949     1192     1372     1427     1913     1581 |     15906
                                              OBSERVATION
                                   5312      627      475      411      353      317      252      202 |      7949
                                    192       85       73       86       92       72       79       64 |       743
                                    127       70       57       68       82       54       74       47 |       579
                  MNWC-Bs-mix2      102       47       58       72       49       65       70       40 |       503
                                     73       42       49       58       68       67       63       59 |       479
                                     84       56       39       70       76       70      112       72 |       579
                                    117       59       55       90      127      111      119      109 |       787
                                    225      254      143      337      525      671     1144      988 |      4287

                    SUM            6232     1240      949     1192     1372     1427     1913     1581 |     15906

