 <pre>

 Contingency table for Low clouds (octas)
 Selection: NorthNorway     10 stations
Period: 20240601-20240630
Used {00,03,...,21} + 01 02 ... 12
 Limits    1.00000000       2.00000000       3.00000000       4.00000000       5.00000000       6.00000000       7.00000000    
 Each class is data <= limit, the very last > last limit
 Total number of values        5171
                                              OBSERVATION
                                   1487      175      113      125      104      119       40       79 |      2242
                                     86       23       30       48       30       47       15       24 |       303
                                     39       14       26       22       29       39       17       28 |       214
                     MNWC2-ref       33       17       21       26       29       26       15       18 |       185
                                     31       13       18       26       24       38       19       21 |       190
                                     22       24       15       20       33       36       25       28 |       203
                                     37       22       13       29       48       46       32       43 |       270
                                     80      144       40      104      279      277      266      374 |      1564

                    SUM            1815      432      276      400      576      628      429      615 |      5171
                                              OBSERVATION
                                   1474      176      119      124      105      123       39       79 |      2239
                                     74       16       23       34       33       44       15       31 |       270
                                     57       17       22       30       28       38       15       28 |       235
                  MNWC2-Bscale       32       16       23       33       24       36       20       23 |       207
                                     24       19       22       23       37       26       13       33 |       197
                                     29       19       20       14       25       39       24       22 |       192
                                     41       20       14       36       50       43       31       44 |       279
                                     84      149       33      106      274      279      272      355 |      1552

                    SUM            1815      432      276      400      576      628      429      615 |      5171
                                              OBSERVATION
                                   1541      181      129      134      128      132       30       83 |      2358
                                     61       23       33       45       37       34       14       33 |       280
                                     21       16       14       33       21       28       21       23 |       177
                 MNWC2-Bs-mix1       26       17       15       24       27       24       18       17 |       168
                                     26       16       23       24       30       33       18       21 |       191
                                     27       14       13       16       35       49       22       32 |       208
                                     22       23       16       32       41       47       25       42 |       248
                                     91      142       33       92      257      281      281      364 |      1541

                    SUM            1815      432      276      400      576      628      429      615 |      5171
                                              OBSERVATION
                                   1563      190      142      146      149      152       26       88 |      2456
                                     56       28       25       41       36       33       14       27 |       260
                                     42       15       14       31       31       34       10       17 |       194
                  MNWC-Bs-mix2       24        9       22       20       19       38       18       19 |       169
                                     19       12       13       21       26       36       16       26 |       169
                                     16       21       11       21       30       23       21       25 |       168
                                     23       18       13       30       39       40       36       44 |       243
                                     72      139       36       90      246      272      288      369 |      1512

                    SUM            1815      432      276      400      576      628      429      615 |      5171

