 <pre>

 Contingency table for Visibility (m)
 Selection: ALL    721 stations
Period: 20240601-20240630
Used {00,03,...,21} + 00 01 ... 12
 Limits    200.000000       500.000000       1000.00000       3000.00000       5000.00000       10000.0000       20000.0000       40000.0000    
 Each class is data <= limit, the very last > last limit
 Total number of values     1800334
                                                       OBSERVATION
                                    492      410      213      245      282      412     1102      401      504 |      4061
                                    296      329      182      313      259      534     1043      502      534 |      3992
                                    186      187      100      191      196      363      654      335      361 |      2573
                                    533      480      352     1032     1388     2707     3933     2053     1938 |     14416
                     MNWC2-ref      681      507      365     1266     2706     6205     8556     4473     3951 |     28710
                                   1893     1553     1131     3786     8364    23047    48190    36800    26415 |    151179
                                   1369     1125      905     3067     6835    26757    93842   105476   109817 |    349193
                                    572      778      715     2195     4401    29317   155910   205198   300824 |    699910
                                    612      862      652     1876     3868    23253   117354   152712   245111 |    546300

                    SUM            6634     6231     4615    13971    28299   112595   430584   507950   689455 |   1800334
                                                       OBSERVATION
                                    563      412      230      265      257      429     1070      412      513 |      4151
                                    355      287      170      298      313      557     1055      517      566 |      4118
                                    135      161      112      198      206      374      701      301      395 |      2583
                                    483      505      343     1022     1479     2769     3884     2028     2071 |     14584
                  MNWC2-Bscale      706      528      381     1277     2683     6189     8552     4533     3869 |     28718
                                   1849     1522     1157     3784     8468    23194    47892    36840    26166 |    150872
                                   1374     1115      849     3014     6907    26963    93352   105410   110074 |    349058
                                    574      835      698     2213     4193    29195   155830   204174   299757 |    697469
                                    595      866      675     1900     3793    22925   118248   153735   246044 |    548781

                    SUM            6634     6231     4615    13971    28299   112595   430584   507950   689455 |   1800334
                                                       OBSERVATION
                                    592      499      302      323      256      444     1035      366      452 |      4269
                                    344      327      210      301      285      501     1047      499      525 |      4039
                                    152      167       89      215      186      359      656      349      357 |      2530
                                    490      484      327      911     1295     2573     3477     1708     1663 |     12928
                 MNWC2-Bs-mix1      582      465      372     1154     2474     5708     7554     3906     3209 |     25424
                                   1794     1585     1092     3738     8055    21692    44070    33883    22849 |    138758
                                   1504     1038      883     3105     7047    26515    89537   101887   101536 |    333052
                                    599      862      681     2303     4696    30064   154680   204340   296254 |    694479
                                    577      804      659     1921     4005    24739   128528   161012   262610 |    584855

                    SUM            6634     6231     4615    13971    28299   112595   430584   507950   689455 |   1800334
                                                       OBSERVATION
                                    680      561      295      323      308      465      909      362      424 |      4327
                                    396      354      234      371      242      502     1064      512      574 |      4249
                                    180      185       89      192      201      331      597      346      350 |      2471
                                    510      448      271      913     1197     2335     3106     1694     1414 |     11888
                  MNWC-Bs-mix2      591      493      303     1089     2419     5331     6880     3613     2767 |     23486
                                   1690     1517     1168     3780     8184    22056    43202    32603    21421 |    135621
                                   1465     1062      911     3113     7115    26668    89761   101165    98305 |    329565
                                    584      815      651     2213     4669    30254   154095   205285   294139 |    692705
                                    538      796      693     1977     3964    24653   130970   162370   270061 |    596022

                    SUM            6634     6231     4615    13971    28299   112595   430584   507950   689455 |   1800334

