 <pre>

 Contingency table for Low clouds (octas)
 Selection: Norrland     43 stations
Period: 20240601-20240630
Used {00,03,...,21} + 01 02 ... 12
 Limits    1.00000000       2.00000000       3.00000000       4.00000000       5.00000000       6.00000000       7.00000000    
 Each class is data <= limit, the very last > last limit
 Total number of values      110966
                                              OBSERVATION
                                  49429     2125     1341     1242      908      939      936     2472 |     59392
                                   3837      468      356      317      250      268      273      610 |      6379
                                   2599      439      270      235      197      237      215      503 |      4695
                     MNWC2-ref     2183      378      252      250      221      228      229      474 |      4215
                                   1836      375      303      274      235      237      217      513 |      3990
                                   1832      449      329      308      218      252      301      587 |      4276
                                   2094      608      443      435      351      342      394      873 |      5540
                                   4841     2498     1959     1859     1481     1606     1950     6285 |     22479

                    SUM           68651     7340     5253     4920     3861     4109     4515    12317 |    110966
                                              OBSERVATION
                                  49313     2149     1228     1219      880      931      968     2414 |     59102
                                   3815      461      379      313      255      258      263      677 |      6421
                                   2557      393      295      250      229      222      224      490 |      4660
                  MNWC2-Bscale     2222      447      304      274      193      235      206      489 |      4370
                                   1915      417      299      274      219      261      240      474 |      4099
                                   1854      414      338      299      232      270      266      602 |      4275
                                   2182      575      445      392      333      360      392      897 |      5576
                                   4793     2484     1965     1899     1520     1572     1956     6274 |     22463

                    SUM           68651     7340     5253     4920     3861     4109     4515    12317 |    110966
                                              OBSERVATION
                                  51825     2368     1442     1359     1009     1084     1046     2480 |     62613
                                   3541      524      356      344      268      270      294      677 |      6274
                                   2360      426      308      286      223      218      263      546 |      4630
                 MNWC2-Bs-mix1     1899      416      299      253      225      219      220      494 |      4025
                                   1685      375      270      237      209      244      216      538 |      3774
                                   1519      436      325      300      253      291      312      607 |      4043
                                   1857      558      430      396      332      329      386      837 |      5125
                                   3965     2237     1823     1745     1342     1454     1778     6138 |     20482

                    SUM           68651     7340     5253     4920     3861     4109     4515    12317 |    110966
                                              OBSERVATION
                                  52966     2547     1603     1471     1092     1128     1155     2499 |     64461
                                   3302      502      357      292      274      253      278      627 |      5885
                                   2035      415      261      251      200      247      213      504 |      4126
                  MNWC-Bs-mix2     1826      392      267      290      211      248      237      450 |      3921
                                   1606      372      307      247      205      222      218      495 |      3672
                                   1501      423      255      283      245      238      268      583 |      3796
                                   1643      530      455      366      311      331      379      890 |      4905
                                   3772     2159     1748     1720     1323     1442     1767     6269 |     20200

                    SUM           68651     7340     5253     4920     3861     4109     4515    12317 |    110966

