 <pre>

 Contingency table for Cloud base (m)
 Selection: FinlandNorth     21 stations
Period: 20240601-20240630
Used {00,03,...,21} + 01 02 ... 12
 Limits    70.0000000       150.000000       300.000000       600.000000       1000.00000       1500.00000       2500.00000       5000.00000    
 Each class is data <= limit, the very last > last limit
 Total number of values       45334
                                                       OBSERVATION
                                    133       57       39       29        7        5       17        5      101 |       393
                                    125      111      133       76        9       18       38       12       20 |       542
                                    140      273      466      339      109       59      117       40       50 |      1593
                                     78      191      660     1008      642      338      313      154      118 |      3502
                     MNWC2-ref       71       79      301      549      835      830      559      221      254 |      3699
                                     56       66      273      515      796     1719     1794      603      535 |      6357
                                     79       85      244      372      487      955     3224     1239      922 |      7607
                                     17       31       87      179      235      319     1143     1076      322 |      3409
                                    221      129      229      424      593     1288     3036     1925    10387 |     18232

                    SUM             920     1022     2432     3491     3713     5531    10241     5275    12709 |     45334
                                                       OBSERVATION
                                    121       57       39       37        3        5       17        6       95 |       380
                                    103       97      134       61       15       12       44        8       21 |       495
                                    162      272      454      345      109       67      110       43       37 |      1599
                                     83      189      631     1044      608      323      358      155      110 |      3501
                  MNWC2-Bscale       64       84      336      550      892      826      556      235      254 |      3797
                                     52       66      269      469      823     1702     1853      612      578 |      6424
                                     66       88      236      359      471      937     3212     1259      904 |      7532
                                     22       36      100      178      208      376     1055     1062      350 |      3387
                                    247      133      233      448      584     1283     3036     1895    10360 |     18219

                    SUM             920     1022     2432     3491     3713     5531    10241     5275    12709 |     45334
                                                       OBSERVATION
                                    135       59       29       31        7        7       16        7      117 |       408
                                    100       97      109       62       12       10       23        9       13 |       435
                                    130      239      452      281       65       34       64       28       31 |      1324
                                     99      215      628     1019      502      233      237      111       58 |      3102
                 MNWC2-Bs-mix1       38       86      298      510      886      718      484      173      187 |      3380
                                     63       61      287      505      805     1770     1670      549      470 |      6180
                                     67       86      249      396      475     1005     3280     1130      772 |      7460
                                     30       29       94      173      235      331     1023     1086      261 |      3262
                                    258      150      286      514      726     1423     3444     2182    10800 |     19783

                    SUM             920     1022     2432     3491     3713     5531    10241     5275    12709 |     45334
                                                       OBSERVATION
                                    110       36       22       14        5        5       26        7       98 |       323
                                     83      108      137       41       10        6       10        6       20 |       421
                                    144      256      436      275       47       29       42       24       34 |      1287
                                    104      218      610      964      411      144      193       58       56 |      2758
                  MNWC-Bs-mix2       62      101      326      625      821      600      398      170      133 |      3236
                                     44       61      303      517      884     1772     1525      490      390 |      5986
                                     72       78      225      415      519     1023     3227     1156      832 |      7547
                                     29       34      106      173      255      358     1089     1051      282 |      3377
                                    272      130      267      467      761     1594     3731     2313    10864 |     20399

                    SUM             920     1022     2432     3491     3713     5531    10241     5275    12709 |     45334

