 <pre>

 Contingency table for Rh2m (%)
 Selection: FinlandSouth     72 stations
Period: 20240601-20240630
Used {00,03,...,21} + 00 01 ... 12
 Limits    30.0000000       50.0000000       65.0000000       75.0000000       85.0000000       95.0000000       100.000000    
 Each class is data <= limit, the very last > last limit
 Total number of values      218310
                                              OBSERVATION
                                    103      430       10        0        0        0        0        0 |       543
                                    251    30359    10855      773      236      131       18        0 |     42623
                                     16     7533    32429    11173     3514     1248      246        0 |     56159
                     MNWC2-ref        0      650     7599    14621     9326     3445      775        0 |     36416
                                      1      245     1978     5716    12880     9457     2611        0 |     32888
                                      0      106      871     1771     5785    16307     8705        0 |     33545
                                      0       10       73      245      770     4487     9840        0 |     15425
                                      0        0        0        0        6       75      630        0 |       711

                    SUM             371    39333    53815    34299    32517    35150    22825        0 |    218310
                                              OBSERVATION
                                    113      558       10        0        0        0        0        0 |       681
                                    241    30715    11803      903      264      159       17        0 |     44102
                                     17     7159    32180    11779     3871     1364      262        0 |     56632
                  MNWC2-Bscale        0      581     7049    14186     9529     3646      869        0 |     35860
                                      0      197     1942     5397    12339     9528     2748        0 |     32151
                                      0      115      760     1778     5729    15929     8515        0 |     32826
                                      0        8       71      255      778     4409     9788        0 |     15309
                                      0        0        0        1        7      115      626        0 |       749

                    SUM             371    39333    53815    34299    32517    35150    22825        0 |    218310
                                              OBSERVATION
                                    156     1122       32        0        0        0        0        0 |      1310
                                    205    32753    16341     1440      417      213       30        0 |     51399
                                     10     4891    30582    14268     4908     1767      374        0 |     56800
                 MNWC2-Bs-mix1        0      363     5032    13134    10661     4305     1061        0 |     34556
                                      0      129     1210     4009    11485    10086     3008        0 |     29927
                                      0       72      563     1292     4431    15085     8824        0 |     30267
                                      0        3       55      156      609     3639     9080        0 |     13542
                                      0        0        0        0        6       55      448        0 |       509

                    SUM             371    39333    53815    34299    32517    35150    22825        0 |    218310
                                              OBSERVATION
                                    161     1356       33        1        0        1        0        0 |      1552
                                    205    32939    16924     1487      474      231       31        0 |     52291
                                      5     4555    30512    14340     5000     1853      382        0 |     56647
                  MNWC-Bs-mix2        0      327     4810    13055    10362     4291     1143        0 |     33988
                                      0       91     1062     4194    11852    10134     3076        0 |     30409
                                      0       58      417     1092     4296    15021     8586        0 |     29470
                                      0        7       57      127      526     3555     9226        0 |     13498
                                      0        0        0        3        7       64      381        0 |       455

                    SUM             371    39333    53815    34299    32517    35150    22825        0 |    218310

