 <pre>

 Contingency table for Low clouds (octas)
 Selection: Finland    103 stations
Period: 20240601-20240630
Used {00,03,...,21} + 01 02 ... 12
 Limits    1.00000000       2.00000000       3.00000000       4.00000000       5.00000000       6.00000000       7.00000000    
 Each class is data <= limit, the very last > last limit
 Total number of values      265719
                                              OBSERVATION
                                 142484     3437     4270     2087     2746     1740     4704     3683 |    165151
                                   8306      631      892      466      636      376     1356      966 |     13629
                                   5408      502      698      341      577      374     1114      850 |      9864
                     MNWC2-ref     4626      509      695      414      567      364     1115      802 |      9092
                                   3964      526      717      389      595      355     1226      803 |      8575
                                   3704      482      719      410      663      409     1414      963 |      8764
                                   4328      564      916      562      889      509     1987     1558 |     11313
                                   8850     1240     2207     1303     2729     1508     9401    12093 |     39331

                    SUM          181670     7891    11114     5972     9402     5635    22317    21718 |    265719
                                              OBSERVATION
                                 142901     3552     4319     2192     2804     1762     4812     3857 |    166199
                                   8223      645      896      439      735      370     1280     1011 |     13599
                                   5374      509      714      411      575      363     1115      821 |      9882
                  MNWC2-Bscale     4567      518      710      359      557      356     1106      787 |      8960
                                   3854      444      689      378      608      375     1199      788 |      8335
                                   3655      443      743      422      613      389     1401     1040 |      8706
                                   4384      532      878      521      869      510     2060     1529 |     11283
                                   8712     1248     2165     1250     2641     1510     9344    11885 |     38755

                    SUM          181670     7891    11114     5972     9402     5635    22317    21718 |    265719
                                              OBSERVATION
                                 149660     3912     4955     2444     3138     1946     5323     4105 |    175483
                                   6926      637      908      497      714      399     1367     1151 |     12599
                                   4581      478      715      382      543      358     1108      842 |      9007
                 MNWC2-Bs-mix1     3893      480      634      375      585      352     1183      825 |      8327
                                   3382      450      692      348      611      375     1214      785 |      7857
                                   3035      440      654      403      597      364     1488      983 |      7964
                                   3496      513      810      460      828      513     2085     1592 |     10297
                                   6697      981     1746     1063     2386     1328     8549    11435 |     34185

                    SUM          181670     7891    11114     5972     9402     5635    22317    21718 |    265719
                                              OBSERVATION
                                 150834     4089     5207     2536     3276     2000     5500     3788 |    177230
                                   6672      585      854      461      700      384     1306     1006 |     11968
                                   4293      470      622      372      543      304     1137      904 |      8645
                  MNWC-Bs-mix2     3713      429      606      343      578      357     1109      834 |      7969
                                   3125      413      652      383      567      378     1246      835 |      7599
                                   3007      416      680      396      605      411     1450     1035 |      8000
                                   3404      490      770      484      843      491     2176     1695 |     10353
                                   6622      999     1723      997     2290     1310     8393    11621 |     33955

                    SUM          181670     7891    11114     5972     9402     5635    22317    21718 |    265719

