 <pre>

 Contingency table for Cloud base (m)
 Selection: FinlandInlandWind     23 stations
Period: 20240601-20240630
Used {00,03,...,21} + 01 02 ... 12
 Limits    70.0000000       150.000000       300.000000       600.000000       1000.00000       1500.00000       2500.00000       5000.00000    
 Each class is data <= limit, the very last > last limit
 Total number of values       56464
                                                       OBSERVATION
                                    113       67       24       13        2        2       27       11      188 |       447
                                     40       83       75       33        6       15       23        7       28 |       310
                                     42      144      268      124       41       43       78       24       32 |       796
                                     25      124      545      700      377      178      234      111       96 |      2390
                     MNWC2-ref       24       69      218      469      869      549      392      161      192 |      2943
                                     32       53      236      405      931     1847     1519      529      673 |      6225
                                     43       85      228      283      467     1009     3457     1493     1419 |      8484
                                     26       47      142      211      266      373     1542     1707      587 |      4901
                                    319      240      324      621      832     1512     3225     2608    20287 |     29968

                    SUM             664      912     2060     2859     3791     5528    10497     6651    23502 |     56464
                                                       OBSERVATION
                                    110       65       28       11        2        3       24       13      189 |       445
                                     33       72       63       18        8        8       37        4       16 |       259
                                     49      144      290      121       39       38       69       23       23 |       796
                                     37      125      496      749      373      187      230      106       83 |      2386
                  MNWC2-Bscale       10       82      247      484      936      490      375      174      209 |      3007
                                     19       55      234      343      948     1769     1532      503      723 |      6126
                                     40       75      220      288      464     1091     3540     1412     1405 |      8535
                                     26       63      149      186      233      438     1545     1779      607 |      5026
                                    340      231      333      659      788     1504     3145     2637    20247 |     29884

                    SUM             664      912     2060     2859     3791     5528    10497     6651    23502 |     56464
                                                       OBSERVATION
                                    127       78       21        7        4        5       37       14      196 |       489
                                     32       82       58       34        6        5       15        6       12 |       250
                                     28      116      242       82       17       28       38       16       18 |       585
                                     22      124      545      620      293      121      131       65       43 |      1964
                 MNWC2-Bs-mix1       12       66      221      499      829      436      341      122      117 |      2643
                                     22       80      203      391      976     1717     1306      470      569 |      5734
                                     43       78      219      302      451     1203     3569     1321     1126 |      8312
                                     32       48      139      206      239      392     1471     1737      416 |      4680
                                    346      240      412      718      976     1621     3589     2900    21005 |     31807

                    SUM             664      912     2060     2859     3791     5528    10497     6651    23502 |     56464
                                                       OBSERVATION
                                    173       69       16       11        2        6       39       41      205 |       562
                                     34       76       88       21        2        3       11        9       21 |       265
                                     30      155      250       93       25       22       28       16       18 |       637
                                     29      143      490      570      243       95      148       47       36 |      1801
                  MNWC-Bs-mix2       21       73      251      573      754      355      271      140      118 |      2556
                                     15       57      227      413      991     1706     1188      430      496 |      5523
                                     51       85      228      329      460     1204     3562     1335     1202 |      8456
                                     23       47      129      192      268      360     1420     1657      443 |      4539
                                    288      207      381      657     1046     1777     3830     2976    20963 |     32125

                    SUM             664      912     2060     2859     3791     5528    10497     6651    23502 |     56464

