 <pre>

 Contingency table for Low clouds (octas)
 Selection: Gotaland     43 stations
Period: 20240601-20240630
Used {00,03,...,21} + 01 02 ... 12
 Limits    1.00000000       2.00000000       3.00000000       4.00000000       5.00000000       6.00000000       7.00000000    
 Each class is data <= limit, the very last > last limit
 Total number of values      111173
                                              OBSERVATION
                                  50334     2833     1937     1624     1175     1153     1183     2517 |     62756
                                   3555      583      460      393      243      246      285      434 |      6199
                                   2260      481      394      325      198      232      212      320 |      4422
                     MNWC2-ref     1940      501      368      328      226      200      212      309 |      4084
                                   1652      501      435      380      253      223      205      315 |      3964
                                   1582      538      425      372      284      234      228      394 |      4057
                                   1883      673      568      510      335      350      367      646 |      5332
                                   4174     2487     1963     2010     1510     1458     1756     5001 |     20359

                    SUM           67380     8597     6550     5942     4224     4096     4448     9936 |    111173
                                              OBSERVATION
                                  50349     2910     1991     1601     1139     1178     1190     2509 |     62867
                                   3410      598      457      402      286      259      264      488 |      6164
                                   2315      474      381      339      223      191      178      341 |      4442
                  MNWC2-Bscale     1945      479      357      321      244      215      206      273 |      4040
                                   1669      484      378      336      220      229      199      337 |      3852
                                   1582      522      434      377      211      215      262      413 |      4016
                                   1893      669      545      564      336      346      376      592 |      5321
                                   4217     2461     2007     2002     1565     1463     1773     4983 |     20471

                    SUM           67380     8597     6550     5942     4224     4096     4448     9936 |    111173
                                              OBSERVATION
                                  52287     2999     2064     1705     1204     1215     1205     2485 |     65164
                                   3075      567      487      391      258      271      267      448 |      5764
                                   2097      410      358      303      201      203      223      338 |      4133
                 MNWC2-Bs-mix1     1800      443      398      339      225      213      213      341 |      3972
                                   1503      496      399      361      234      187      224      344 |      3748
                                   1367      546      397      418      260      244      262      429 |      3923
                                   1632      688      564      497      368      351      347      647 |      5094
                                   3619     2448     1883     1928     1474     1412     1707     4904 |     19375

                    SUM           67380     8597     6550     5942     4224     4096     4448     9936 |    111173
                                              OBSERVATION
                                  52034     2866     2037     1681     1096     1098     1091     2241 |     64144
                                   3040      573      464      391      271      281      278      439 |      5737
                                   2025      482      374      289      230      215      208      309 |      4132
                  MNWC-Bs-mix2     1755      499      359      319      221      211      203      318 |      3885
                                   1421      515      414      366      245      217      222      346 |      3746
                                   1577      535      432      394      294      262      300      404 |      4198
                                   1728      760      556      553      353      342      406      654 |      5352
                                   3800     2367     1914     1949     1514     1470     1740     5225 |     19979

                    SUM           67380     8597     6550     5942     4224     4096     4448     9936 |    111173

