 <pre>

 Contingency table for Rh2m (%)
 Selection: Finland    189 stations
Period: 20240601-20240630
Used {00,03,...,21} + 00 01 ... 12
 Limits    30.0000000       50.0000000       65.0000000       75.0000000       85.0000000       95.0000000       100.000000    
 Each class is data <= limit, the very last > last limit
 Total number of values      571668
                                              OBSERVATION
                                    203      653       17        0        1        0        0        0 |       874
                                   1156    51486    16970     1414      382      182       32        0 |     71622
                                    184    19953    63492    22286     6636     2480      569        0 |    115600
                     MNWC2-ref       16     2897    24375    40585    23928     7594     1802        0 |    101197
                                      1     1067     8741    24275    47617    28711     7190        0 |    117602
                                      0      377     3095     8126    24589    55217    27024        0 |    118428
                                      0       27      271      931     2816    13378    27353        0 |     44776
                                      0        0        3        7       28      200     1331        0 |      1569

                    SUM            1560    76460   116964    97624   105997   107762    65301        0 |    571668
                                              OBSERVATION
                                    217      835       19        0        1        0        0        0 |      1072
                                   1150    51918    18376     1597      433      217       30        0 |     73721
                                    179    19289    62733    23668     7456     2655      604        0 |    116584
                  MNWC2-Bscale       13     2985    23637    39793    24740     7871     1908        0 |    100947
                                      1     1040     8932    23416    46441    29184     7489        0 |    116503
                                      0      365     2996     8143    24034    54215    26802        0 |    116555
                                      0       28      263      996     2867    13416    27232        0 |     44802
                                      0        0        8       11       25      204     1236        0 |      1484

                    SUM            1560    76460   116964    97624   105997   107762    65301        0 |    571668
                                              OBSERVATION
                                    300     1679       48        0        0        0        0        0 |      2027
                                   1135    56253    25314     2455      687      355       56        0 |     86255
                                    115    15259    62845    28585     9254     3405      763        0 |    120226
                 MNWC2-Bs-mix1       10     2193    19737    38851    27435     9338     2363        0 |     99927
                                      0      806     6588    20718    45697    30879     8185        0 |    112873
                                      0      257     2228     6299    20630    52326    27345        0 |    109085
                                      0       13      201      694     2275    11274    25559        0 |     40016
                                      0        0        3       22       19      185     1030        0 |      1259

                    SUM            1560    76460   116964    97624   105997   107762    65301        0 |    571668
                                              OBSERVATION
                                    323     2130       51        1        0        1        0        0 |      2506
                                   1119    57330    26458     2517      798      383       60        0 |     88665
                                    109    14187    63415    28461     9186     3718      864        0 |    119940
                  MNWC-Bs-mix2        7     1949    18988    38814    26846     9503     2643        0 |     98750
                                      2      651     6051    21578    46151    30979     8650        0 |    114062
                                      0      204     1833     5627    20932    52190    27040        0 |    107826
                                      0        9      164      584     2003    10637    25028        0 |     38425
                                      0        0        4       42       81      351     1016        0 |      1494

                    SUM            1560    76460   116964    97624   105997   107762    65301        0 |    571668

