 <pre>

 Contingency table for Low clouds (octas)
 Selection: SwedenForest      4 stations
Period: 20240601-20240630
Used {00,03,...,21} + 01 02 ... 12
 Limits    1.00000000       2.00000000       3.00000000       4.00000000       5.00000000       6.00000000       7.00000000    
 Each class is data <= limit, the very last > last limit
 Total number of values       11115
                                              OBSERVATION
                                   3572      245      177      140      101      112      176      257 |      4780
                                    289       68       45       47       23       27       32       52 |       583
                                    205       50       46       30       31       31       29       46 |       468
                     MNWC2-ref      173       51       48       46       25       28       23       47 |       441
                                    181       53       54       43       29       19       27       61 |       467
                                    167       76       65       57       38       36       36       57 |       532
                                    197      112       85       68       54       57       52      102 |       727
                                    396      360      320      341      283      354      289      774 |      3117

                    SUM            5180     1015      840      772      584      664      664     1396 |     11115
                                              OBSERVATION
                                   3542      258      183      155       99      112      161      262 |      4772
                                    313       60       61       44       25       28       36       59 |       626
                                    202       56       48       23       29       23       20       47 |       448
                  MNWC2-Bscale      177       63       45       37       23       32       29       51 |       457
                                    174       59       58       42       23       32       38       38 |       464
                                    182       59       59       49       31       34       38       71 |       523
                                    198      110       90       97       63       54       46       90 |       748
                                    392      350      296      325      291      349      296      778 |      3077

                    SUM            5180     1015      840      772      584      664      664     1396 |     11115
                                              OBSERVATION
                                   3754      275      196      174       99      114      172      268 |      5052
                                    286       59       64       46       38       36       21       65 |       615
                                    183       46       51       25       25       25       24       63 |       442
                 MNWC2-Bs-mix1      155       56       49       47       32       26       35       33 |       433
                                    152       61       42       36       32       32       29       51 |       435
                                    118       71       72       52       28       32       35       59 |       467
                                    164       90       82       62       58       54       39       78 |       627
                                    368      357      284      330      272      345      309      779 |      3044

                    SUM            5180     1015      840      772      584      664      664     1396 |     11115
                                              OBSERVATION
                                   3811      284      219      155       99      127      135      265 |      5095
                                    251       59       52       48       28       35       27       62 |       562
                                    154       47       47       32       19       28       36       47 |       410
                  MNWC-Bs-mix2      165       67       49       52       32       27       27       53 |       472
                                    145       58       52       34       34       18       30       52 |       423
                                    134       72       62       49       38       31       46       62 |       494
                                    169      108       76       56       64       54       57      102 |       686
                                    351      320      283      346      270      344      306      753 |      2973

                    SUM            5180     1015      840      772      584      664      664     1396 |     11115

