 <pre>

 Contingency table for clouds <7500m (octas)
 Selection: Finland    103 stations
Period: 20240601-20240630
Used {00,03,...,21} + 01 02 ... 12
 Limits    1.00000000       2.00000000       3.00000000       4.00000000       5.00000000       6.00000000       7.00000000    
 Each class is data <= limit, the very last > last limit
 Total number of values      286814
                                              OBSERVATION
                                  98709     3743     4501     2577     3366     2268     7005     2472 |    124641
                                   7054      809     1168      644     1055      789     2835      965 |     15319
                                   5706      796     1247      720     1136      821     3057      983 |     14466
                     MNWC2-ref     5165      912     1225      830     1278      856     3724     1149 |     15139
                                   4250      706     1175      797     1306      846     4171     1388 |     14639
                                   3880      718     1160      787     1468      964     4814     1751 |     15542
                                   4577      864     1512      972     2063     1284     7819     3433 |     22524
                                   6250     1245     2409     1594     3848     2669    24936    21593 |     64544

                    SUM          135591     9793    14397     8921    15520    10497    58361    33734 |    286814
                                              OBSERVATION
                                  98674     3762     4569     2576     3427     2285     7050     2551 |    124894
                                   7292      826     1194      731     1077      795     3005      971 |     15891
                                   5854      820     1195      705     1090      742     2940     1013 |     14359
                  MNWC2-Bscale     5160      890     1302      801     1362      864     3732     1144 |     15255
                                   4261      729     1165      770     1344      871     4141     1339 |     14620
                                   3891      696     1101      807     1494      998     4896     1860 |     15743
                                   4621      828     1493      944     2019     1309     7948     3480 |     22642
                                   5838     1242     2378     1587     3707     2633    24649    21376 |     63410

                    SUM          135591     9793    14397     8921    15520    10497    58361    33734 |    286814
                                              OBSERVATION
                                 104969     4289     5311     3024     4008     2698     8520     3028 |    135847
                                   6361      836     1193      757     1167      847     3334     1051 |     15546
                                   5211      813     1233      705     1179      801     3386     1098 |     14426
                 MNWC2-Bs-mix1     4465      857     1255      786     1373      908     3913     1298 |     14855
                                   3626      672     1184      827     1336      935     4387     1452 |     14419
                                   3076      647     1148      702     1447      898     4998     1857 |     14773
                                   3524      744     1239      841     1835     1204     7544     3523 |     20454
                                   4359      935     1834     1279     3175     2206    22279    20427 |     56494

                    SUM          135591     9793    14397     8921    15520    10497    58361    33734 |    286814
                                              OBSERVATION
                                 105275     4486     5478     3145     4161     2785     9107     2846 |    137283
                                   6156      827     1260      720     1192      775     3321     1052 |     15303
                                   4881      775     1153      718     1209      792     3332     1056 |     13916
                  MNWC-Bs-mix2     4407      738     1238      788     1357      928     3801     1305 |     14562
                                   3658      680     1200      762     1359      913     4311     1495 |     14378
                                   3125      633     1024      736     1393      964     5030     1951 |     14856
                                   3591      724     1243      809     1760     1217     7736     3573 |     20653
                                   4498      930     1801     1243     3089     2123    21723    20456 |     55863

                    SUM          135591     9793    14397     8921    15520    10497    58361    33734 |    286814

