 <pre>

 Contingency table for Visibility (m)
 Selection: Gotaland     49 stations
Period: 20240601-20240630
Used {00,03,...,21} + 00 01 ... 12
 Limits    200.000000       500.000000       1000.00000       3000.00000       5000.00000       10000.0000       20000.0000       40000.0000    
 Each class is data <= limit, the very last > last limit
 Total number of values      146638
                                                       OBSERVATION
                                     22       33       35       36       52       63       58       33       19 |       351
                                     11       28       14       47       34       48       59       48       16 |       305
                                     10       21        8       38       24       56       49       46       17 |       269
                                     22       74       63      236      184      484      434      326      151 |      1974
                     MNWC2-ref       55       61       53      251      326      902     1063      659      346 |      3716
                                    299      111      108      471      755     2069     3975     4747     3753 |     16288
                                    294       39       43      195      299     1132     4354    10658     9828 |     26842
                                     82       64       29      154      281     1209     4715    25817    22250 |     54601
                                     67       81       41      194      265     1135     3568    20199    16742 |     42292

                    SUM             862      512      394     1622     2220     7098    18275    62533    53122 |    146638
                                                       OBSERVATION
                                     45       36       30       31       38       52       61       38       20 |       351
                                     13       30        6       56       43       64       66       62       16 |       356
                                      7       15       14       31       23       35       43       52       15 |       235
                                     37       72       68      232      175      513      403      255      132 |      1887
                  MNWC2-Bscale       53       63       50      237      346      918     1056      688      353 |      3764
                                    284      101      109      474      743     2005     3854     4655     3876 |     16101
                                    294       44       39      190      309     1172     4471    10726     9697 |     26942
                                     73       74       30      172      285     1212     4744    25499    22216 |     54305
                                     56       77       48      199      258     1127     3577    20558    16797 |     42697

                    SUM             862      512      394     1622     2220     7098    18275    62533    53122 |    146638
                                                       OBSERVATION
                                     39       54       50       46       36       47       40       21       13 |       346
                                     16       37       28       51       42       63       76       49       14 |       376
                                      9       14       12       36       27       43       37       49        9 |       236
                                     25       67       53      229      194      482      376      239       87 |      1752
                 MNWC2-Bs-mix1       44       55       50      227      328      858      966      567      267 |      3362
                                    294      114      109      454      682     1905     3742     4248     3262 |     14810
                                    304       39       37      205      364     1246     4541    10247     9403 |     26386
                                     71       76       17      178      288     1319     4905    25825    22412 |     55091
                                     60       56       38      196      259     1135     3592    21288    17655 |     44279

                    SUM             862      512      394     1622     2220     7098    18275    62533    53122 |    146638
                                                       OBSERVATION
                                     33       64       54       44       40       46       55       35        6 |       377
                                     15       23       32       54       28       69       60       34       17 |       332
                                      9       22        6       33       25       30       48       23        5 |       201
                                     27       58       45      217      190      466      396      259       80 |      1738
                  MNWC-Bs-mix2       32       52       36      214      321      808      887      518      297 |      3165
                                    283      113      121      453      693     1985     3632     4144     3037 |     14461
                                    315       49       37      211      330     1188     4314     9715     8738 |     24897
                                     91       66       28      184      330     1312     5198    26410    22958 |     56577
                                     57       65       35      212      263     1194     3685    21395    17984 |     44890

                    SUM             862      512      394     1622     2220     7098    18275    62533    53122 |    146638

