 <pre>

 Contingency table for Low clouds (octas)
 Selection: NorwayInlandWind     12 stations
Period: 20240601-20240630
Used {00,03,...,21} + 03 06 09 12
 Limits    1.00000000       2.00000000       3.00000000       4.00000000       5.00000000       6.00000000       7.00000000    
 Each class is data <= limit, the very last > last limit
 Total number of values        5124
                                              OBSERVATION
                                    688      196      169      130      166      172       89       87 |      1697
                                     39       44       45       49       45       48       29       40 |       339
                                     25       23       43       28       47       41       23       28 |       258
                     MNWC2-ref       19       27       28       35       33       31       22       21 |       216
                                     20       19       28       34       39       39       29       26 |       234
                                     17       23       26       34       43       38       40       29 |       250
                                     13       28       24       36       56       54       46       47 |       304
                                     26       46       77      150      279      317      457      474 |      1826

                    SUM             847      406      440      496      708      740      735      752 |      5124
                                              OBSERVATION
                                    660      200      174      128      170      180       92       82 |      1686
                                     48       30       38       54       47       48       22       38 |       325
                                     30       26       34       27       37       37       31       29 |       251
                  MNWC2-Bscale       24       29       37       33       41       40       23       28 |       255
                                     14       26       36       31       44       32       25       35 |       243
                                     27       24       29       24       31       36       38       25 |       234
                                     14       19       22       49       63       57       45       42 |       311
                                     30       52       70      150      275      310      459      473 |      1819

                    SUM             847      406      440      496      708      740      735      752 |      5124
                                              OBSERVATION
                                    698      210      191      149      205      188       83       94 |      1818
                                     46       35       45       56       54       36       28       42 |       342
                                     17       24       29       34       29       35       30       30 |       228
                 MNWC2-Bs-mix1       20       24       26       35       33       30       24       22 |       214
                                     14       25       31       35       39       35       42       23 |       244
                                     10       19       24       26       41       42       31       37 |       230
                                     18       27       28       37       56       59       46       56 |       327
                                     24       42       66      124      251      315      451      448 |      1721

                    SUM             847      406      440      496      708      740      735      752 |      5124
                                              OBSERVATION
                                    728      223      216      168      216      205       83       93 |      1932
                                     31       41       36       41       52       29       32       38 |       300
                                     19       28       23       35       43       32       24       29 |       233
                  MNWC-Bs-mix2       17       20       30       36       25       45       27       24 |       224
                                     13       15       23       31       35       33       30       30 |       210
                                     13       23       23       27       42       32       36       34 |       230
                                      8       21       25       37       57       54       45       54 |       301
                                     18       35       64      121      238      310      458      450 |      1694

                    SUM             847      406      440      496      708      740      735      752 |      5124

