 <pre>

 Contingency table for Rh2m (%)
 Selection: Svealand     43 stations
Period: 20240601-20240630
Used {00,03,...,21} + 00 01 ... 12
 Limits    30.0000000       50.0000000       65.0000000       75.0000000       85.0000000       95.0000000       100.000000    
 Each class is data <= limit, the very last > last limit
 Total number of values      129005
                                              OBSERVATION
                                    358      638       11        0        0        0        0        0 |      1007
                                    573    15560     5640      779      198       60       12        0 |     22822
                                     24     3945    16680     6535     2114      740      123        0 |     30161
                     MNWC2-ref        0      285     3956     8603     4927     1863      420        0 |     20054
                                      0       67      948     3986     8871     5379     1522        0 |     20773
                                      0       37      454     1466     5261    10678     5874        0 |     23770
                                      0        1       50      270      903     2806     6127        0 |     10157
                                      0        0        0       10       15       46      190        0 |       261

                    SUM             955    20533    27739    21649    22289    21572    14268        0 |    129005
                                              OBSERVATION
                                    353      568        8        0        0        0        0        0 |       929
                                    576    15616     5902      818      196       69       10        0 |     23187
                                     26     3948    16474     6694     2221      841      122        0 |     30326
                  MNWC2-Bscale        0      302     3882     8310     5089     1846      479        0 |     19908
                                      0       69     1011     4065     8589     5341     1534        0 |     20609
                                      0       28      410     1483     5229    10627     5749        0 |     23526
                                      0        2       52      269      943     2801     6116        0 |     10183
                                      0        0        0       10       22       47      258        0 |       337

                    SUM             955    20533    27739    21649    22289    21572    14268        0 |    129005
                                              OBSERVATION
                                    490     1032        5        0        0        0        0        0 |      1527
                                    447    16611     7778     1129      256      111       11        0 |     26343
                                     17     2694    16009     7634     2674     1016      138        0 |     30182
                 MNWC2-Bs-mix1        0      146     2942     8094     5689     2042      556        0 |     19469
                                      1       38      717     3438     8444     5701     1610        0 |     19949
                                      0       10      257     1177     4499    10234     6001        0 |     22178
                                      0        2       31      177      712     2433     5750        0 |      9105
                                      0        0        0        0       15       35      202        0 |       252

                    SUM             955    20533    27739    21649    22289    21572    14268        0 |    129005
                                              OBSERVATION
                                    520     1169       21        2        0        0        0        0 |      1712
                                    422    16694     8284     1261      346      150       18        0 |     27175
                                     13     2447    15416     7500     2569      972      162        0 |     29079
                  MNWC-Bs-mix2        0      154     2983     7896     5655     2139      499        0 |     19326
                                      0       40      710     3498     8374     5908     1665        0 |     20195
                                      0       25      299     1279     4642    10076     6096        0 |     22417
                                      0        4       26      213      685     2292     5662        0 |      8882
                                      0        0        0        0       18       35      166        0 |       219

                    SUM             955    20533    27739    21649    22289    21572    14268        0 |    129005

