 <pre>

 Contingency table for Visibility (m)
 Selection: Sweden    161 stations
Period: 20240601-20240630
Used {00,03,...,21} + 00 01 ... 12
 Limits    200.000000       500.000000       1000.00000       3000.00000       5000.00000       10000.0000       20000.0000       40000.0000    
 Each class is data <= limit, the very last > last limit
 Total number of values      486414
                                                       OBSERVATION
                                     74      106       66       83       71      162      212      220      287 |      1281
                                     74      121       62      132       85      220      280      293      342 |      1609
                                     54       73       40       96       77      174      203      204      230 |      1151
                                    175      199      186      464      420      977     1129      992     1116 |      5658
                     MNWC2-ref      299      160      130      481      784     2093     2484     1896     2058 |     10385
                                    791      366      262      899     1420     4671     7771     9314    10351 |     35845
                                    859      440      366      878     1096     4539    10447    24961    39647 |     83233
                                    255      251      218      722      788     4247     9236    58611   106234 |    180562
                                    227      253      207      670      632     2369     6572    56966    98794 |    166690

                    SUM            2808     1969     1537     4425     5373    19452    38334   153457   259059 |    486414
                                                       OBSERVATION
                                    114      107       76      100       57      149      208      251      305 |      1367
                                     93      116       49      131       89      252      300      321      364 |      1715
                                     44       86       42       95       67      170      181      203      267 |      1155
                                    168      195      187      465      425     1034     1140      965     1177 |      5756
                  MNWC2-Bscale      315      174      156      457      751     2087     2462     1906     2142 |     10450
                                    778      334      265      871     1438     4536     7636     9226    10543 |     35627
                                    844      432      327      870     1122     4572    10515    25016    39824 |     83522
                                    235      279      211      734      804     4308     9324    58014   105692 |    179601
                                    217      246      224      702      620     2344     6568    57555    98745 |    167221

                    SUM            2808     1969     1537     4425     5373    19452    38334   153457   259059 |    486414
                                                       OBSERVATION
                                    104      167      122      154       63      165      190      226      262 |      1453
                                    105      124       93      132       81      231      275      313      325 |      1679
                                     38       59       33       91       56      163      198      225      254 |      1117
                                    145      183      160      425      419      987     1027      812      993 |      5151
                 MNWC2-Bs-mix1      245      172      140      441      736     1947     2243     1578     1765 |      9267
                                    751      368      252      849     1375     4339     7227     8257     8627 |     32045
                                    936      398      332      864     1155     4656    10683    23912    36379 |     79315
                                    267      278      190      780      820     4519     9688    57450   104034 |    178026
                                    217      220      215      689      668     2445     6803    60684   106420 |    178361

                    SUM            2808     1969     1537     4425     5373    19452    38334   153457   259059 |    486414
                                                       OBSERVATION
                                    105      145      130      115       73      169      197      183      202 |      1319
                                    103      120      102      161       78      222      282      289      371 |      1728
                                     56       82       32      100       69      147      178      210      211 |      1085
                                    152      174      127      396      390      916     1021      832      820 |      4828
                  MNWC-Bs-mix2      245      143      120      396      704     1838     1989     1549     1606 |      8590
                                    711      364      271      811     1384     4321     7022     7858     8146 |     30888
                                    934      435      329      990     1122     4650    10480    23301    34330 |     76571
                                    291      268      208      718      869     4588    10107    57378   102626 |    177053
                                    211      238      218      738      684     2601     7058    61857   110747 |    184352

                    SUM            2808     1969     1537     4425     5373    19452    38334   153457   259059 |    486414

