 <pre>

 Contingency table for Visibility (m)
 Selection: SwedenOpenLandWind     58 stations
Period: 20240601-20240630
Used {00,03,...,21} + 00 01 ... 12
 Limits    200.000000       500.000000       1000.00000       3000.00000       5000.00000       10000.0000       20000.0000       40000.0000    
 Each class is data <= limit, the very last > last limit
 Total number of values      172560
                                                       OBSERVATION
                                     27       55       38       19       28       68      100      141      154 |       630
                                     26       31       21       35       40       68      126      150      173 |       670
                                     22       33       11       27       25       40       88      111       91 |       448
                                     68       66       57       69       89      232      318      332      416 |      1647
                     MNWC2-ref       98       55       35      112      182      541      788      561      698 |      3070
                                    263      186       97      264      391     1199     2147     2598     3154 |     10299
                                    368      203      180      331      324     1067     2799     6923    11500 |     23695
                                    143      166      123      474      431     1551     3943    20813    36252 |     63896
                                    124      163      129      413      334     1203     3587    22922    39330 |     68205

                    SUM            1139      958      691     1744     1844     5969    13896    54551    91768 |    172560
                                                       OBSERVATION
                                     53       57       46       18       21       66       89      138      189 |       677
                                     41       34       19       34       24       76      142      154      196 |       720
                                     19       24       11       25       24       50       63       86      102 |       404
                                     86       57       49       71      100      225      343      308      460 |      1699
                  MNWC2-Bscale       71       75       41       83      176      514      752      576      709 |      2997
                                    252      153      121      271      395     1199     2121     2586     3124 |     10222
                                    379      207      144      316      336     1130     2754     6957    11249 |     23472
                                    123      195      115      504      450     1513     4066    20583    36277 |     63826
                                    115      156      145      422      318     1196     3566    23163    39462 |     68543

                    SUM            1139      958      691     1744     1844     5969    13896    54551    91768 |    172560
                                                       OBSERVATION
                                     49       93       55       63       23       65       95      162      174 |       779
                                     29       28       27       24       23       56      120      159      163 |       629
                                     18       17       17       13       13       46       81      111      111 |       427
                                     70       53       39       62       90      217      300      269      387 |      1487
                 MNWC2-Bs-mix1       68       71       41       94      212      476      629      489      626 |      2706
                                    263      171      103      251      338     1209     2089     2349     2745 |      9518
                                    394      196      165      311      312     1068     2826     6676    10636 |     22584
                                    129      188      111      517      468     1596     4128    20354    35266 |     62757
                                    119      141      133      409      365     1236     3628    23982    41660 |     71673

                    SUM            1139      958      691     1744     1844     5969    13896    54551    91768 |    172560
                                                       OBSERVATION
                                     56       93       69       44       23       64       93      109      125 |       676
                                     35       43       35       49       23       72      114      156      185 |       712
                                     19       25       10       17       19       54       60      103      113 |       420
                                     59       58       33       66       87      216      309      281      361 |      1470
                  MNWC-Bs-mix2       63       59       32       93      187      477      570      482      582 |      2545
                                    241      172      108      242      366     1085     1985     2164     2472 |      8835
                                    399      182      162      346      328     1123     2845     6534     9909 |     21828
                                    154      172      110      432      452     1540     4167    20241    35116 |     62384
                                    113      154      132      455      359     1338     3753    24481    42905 |     73690

                    SUM            1139      958      691     1744     1844     5969    13896    54551    91768 |    172560

