 <pre>

 Contingency table for Cloud base (m)
 Selection: FinlandSouth     43 stations
Period: 20240601-20240630
Used {00,03,...,21} + 01 02 ... 12
 Limits    70.0000000       150.000000       300.000000       600.000000       1000.00000       1500.00000       2500.00000       5000.00000    
 Each class is data <= limit, the very last > last limit
 Total number of values      103645
                                                       OBSERVATION
                                    225       60        7        5        1        6       32       36      333 |       705
                                     36       91       34        5        2        5        9        3       14 |       199
                                     39      160      233       79       35       27       31       30       22 |       656
                                     23      132      601      917      432      180      181       74      132 |      2672
                     MNWC2-ref       29       84      225      833     1478      676      486      207      358 |      4376
                                     38       67      247      521     1416     3270     2346      841     1294 |     10040
                                     49      109      249      391      548     1775     6595     2895     2912 |     15523
                                     33       79      199      313      315      646     2859     3943     1031 |      9418
                                    424      349      585     1008     1469     3023     6422     5826    40950 |     60056

                    SUM             896     1131     2380     4072     5696     9608    18961    13855    47046 |    103645
                                                       OBSERVATION
                                    206       62       18        4        1        4       28       36      289 |       648
                                     18       92       22        3        6        1        9        6       15 |       172
                                     25      167      240       60       31       43       29       20       14 |       629
                                     33      109      547      942      422      163      190       62      114 |      2582
                  MNWC2-Bscale       20       79      238      829     1493      603      524      223      372 |      4381
                                     38       93      239      473     1446     3272     2324      780     1314 |      9979
                                     46      120      301      437      584     1937     6541     2784     2931 |     15681
                                     42       85      210      303      303      637     2890     4004     1068 |      9542
                                    468      324      565     1021     1410     2948     6426     5940    40929 |     60031

                    SUM             896     1131     2380     4072     5696     9608    18961    13855    47046 |    103645
                                                       OBSERVATION
                                    233       62       15        4        3        5       41       29      216 |       608
                                     31       91       22        5        5        2        8        5        9 |       178
                                     18      155      177       40       15       16       18       15        8 |       462
                                     22      120      504      746      250      106      126       46       69 |      1989
                 MNWC2-Bs-mix1       18       74      264      903     1299      408      360      158      159 |      3643
                                     37       88      235      520     1606     2989     1929      677      922 |      9003
                                     43      102      277      378      611     2279     6711     2683     2317 |     15401
                                     32       73      185      293      291      589     2694     3700      786 |      8643
                                    462      366      701     1183     1616     3214     7074     6542    42560 |     63718

                    SUM             896     1131     2380     4072     5696     9608    18961    13855    47046 |    103645
                                                       OBSERVATION
                                    264       80       17        6        3        2       52       74      347 |       845
                                     34       98       26        6        2        4       13       13       42 |       238
                                     32      163      198       53       20       18       32       27       24 |       567
                                     30      153      598      788      241      108      150       76       82 |      2226
                  MNWC-Bs-mix2       34       90      286      948     1193      370      354      197      237 |      3709
                                     31       68      223      526     1614     2808     1817      695      898 |      8680
                                     33       93      253      379      582     2265     6544     2683     2344 |     15176
                                     32       73      173      275      271      587     2586     3542      728 |      8267
                                    406      313      606     1091     1770     3446     7413     6548    42344 |     63937

                    SUM             896     1131     2380     4072     5696     9608    18961    13855    47046 |    103645

