 <pre>

 Contingency table for clouds <7500m (octas)
 Selection: FinlandLand     62 stations
Period: 20240601-20240630
Used {00,03,...,21} + 01 02 ... 12
 Limits    1.00000000       2.00000000       3.00000000       4.00000000       5.00000000       6.00000000       7.00000000    
 Each class is data <= limit, the very last > last limit
 Total number of values      170126
                                              OBSERVATION
                                  51886     2118     2904     1454     2118     1341     4127     1282 |     67230
                                   4101      470      798      373      720      483     1763      590 |      9298
                                   3354      476      879      420      785      509     1960      576 |      8959
                     MNWC2-ref     3135      571      866      518      914      537     2413      700 |      9654
                                   2560      449      817      488      941      546     2758      866 |      9425
                                   2346      456      825      462     1037      606     3144     1064 |      9940
                                   2689      541     1071      588     1447      770     5171     2122 |     14399
                                   3730      728     1627      942     2724     1538    16574    13358 |     41221

                    SUM           73801     5809     9787     5245    10686     6330    37910    20558 |    170126
                                              OBSERVATION
                                  51732     2123     2904     1436     2204     1367     4149     1272 |     67187
                                   4217      494      837      437      744      463     1861      595 |      9648
                                   3494      493      842      435      758      456     1902      641 |      9021
                  MNWC2-Bscale     3084      558      914      495      967      541     2485      723 |      9767
                                   2629      447      833      462      955      545     2702      821 |      9394
                                   2365      429      786      483     1074      641     3218     1143 |     10139
                                   2744      515     1041      564     1402      794     5251     2174 |     14485
                                   3536      750     1630      933     2582     1523    16342    13189 |     40485

                    SUM           73801     5809     9787     5245    10686     6330    37910    20558 |    170126
                                              OBSERVATION
                                  55428     2407     3416     1721     2566     1585     5064     1551 |     73738
                                   3768      500      810      444      786      516     2085      628 |      9537
                                   3108      489      862      430      844      475     2154      689 |      9051
                 MNWC2-Bs-mix1     2772      532      920      479      988      614     2531      803 |      9639
                                   2248      430      842      511      976      592     2947      922 |      9468
                                   1860      419      804      433     1027      558     3342     1155 |      9598
                                   2059      478      881      505     1273      726     4903     2175 |     13000
                                   2558      554     1252      722     2226     1264    14884    12635 |     36095

                    SUM           73801     5809     9787     5245    10686     6330    37910    20558 |    170126
                                              OBSERVATION
                                  55719     2537     3584     1796     2714     1659     5559     1578 |     75146
                                   3578      514      861      396      800      476     2133      659 |      9417
                                   2918      460      794      439      833      488     2147      637 |      8716
                  MNWC-Bs-mix2     2718      453      899      500      955      574     2513      838 |      9450
                                   2241      426      861      484      977      567     2842      948 |      9346
                                   1864      433      721      470      992      597     3349     1188 |      9614
                                   2147      453      864      481     1253      753     5098     2258 |     13307
                                   2616      533     1203      679     2162     1216    14269    12452 |     35130

                    SUM           73801     5809     9787     5245    10686     6330    37910    20558 |    170126

