 <pre>

 Contingency table for Low clouds (octas)
 Selection: METCOOP    289 stations
Period: 20240601-20240630
Used {00,03,...,21} + 01 02 ... 12
 Limits    1.00000000       2.00000000       3.00000000       4.00000000       5.00000000       6.00000000       7.00000000    
 Each class is data <= limit, the very last > last limit
 Total number of values      659970
                                              OBSERVATION
                                 312843    12754    11033     7527     6986     5761     9324    12328 |    378556
                                  20379     2573     2501     1841     1634     1345     2539     2759 |     35571
                                  13306     2108     2043     1388     1437     1227     2062     2295 |     25866
                     MNWC2-ref    11496     2109     2013     1540     1477     1155     2129     2156 |     24075
                                   9831     2156     2180     1568     1524     1227     2269     2269 |     23024
                                   9405     2311     2287     1651     1706     1382     2733     2737 |     24212
                                  10910     2915     3055     2300     2324     1814     3826     4360 |     31504
                                  23674     9771     9951     8017     8485     7354    17960    31950 |    117162

                    SUM          411844    36697    35063    25832    25573    21265    42842    60854 |    659970
                                              OBSERVATION
                                 313052    12961    11002     7559     6923     5742     9415    12308 |    378962
                                  20076     2613     2538     1798     1789     1333     2472     2993 |     35612
                                  13346     2102     2120     1494     1462     1164     2105     2223 |     26016
                  MNWC2-Bscale    11443     2160     2115     1491     1451     1193     2102     2148 |     24103
                                   9824     2113     2118     1522     1569     1252     2249     2231 |     22878
                                   9308     2226     2303     1664     1555     1373     2680     2821 |     23930
                                  11133     2835     2972     2326     2241     1887     3847     4275 |     31516
                                  23662     9687     9895     7978     8583     7321    17972    31855 |    116953

                    SUM          411844    36697    35063    25832    25573    21265    42842    60854 |    659970
                                              OBSERVATION
                                 326815    13890    12125     8274     7609     6214    10055    12749 |    397731
                                  17619     2575     2590     1857     1745     1372     2578     3044 |     33380
                                  11740     2032     2064     1490     1413     1145     2154     2307 |     24345
                 MNWC2-Bs-mix1    10055     2073     2037     1494     1509     1190     2264     2282 |     22904
                                   8750     2104     2150     1526     1541     1237     2318     2341 |     21967
                                   8012     2258     2192     1724     1635     1431     2840     2862 |     22954
                                   9480     2839     2889     2135     2266     1856     3842     4369 |     29676
                                  19373     8926     9016     7332     7855     6820    16791    30900 |    107013

                    SUM          411844    36697    35063    25832    25573    21265    42842    60854 |    659970
                                              OBSERVATION
                                 329342    14069    12543     8346     7678     6150    10136    11964 |    400228
                                  16999     2534     2460     1740     1763     1373     2478     2796 |     32143
                                  10973     2089     1948     1393     1421     1104     2104     2283 |     23315
                  MNWC-Bs-mix2     9655     2030     1962     1487     1436     1206     2142     2195 |     22113
                                   8303     2081     2109     1526     1489     1229     2322     2318 |     21377
                                   8161     2203     2181     1698     1708     1412     2785     2824 |     22972
                                   9223     2870     2886     2238     2251     1846     4018     4585 |     29917
                                  19188     8821     8974     7404     7827     6945    16857    31889 |    107905

                    SUM          411844    36697    35063    25832    25573    21265    42842    60854 |    659970

