 <pre>

 Contingency table for Rh2m (%)
 Selection: Gotaland     53 stations
Period: 20240601-20240630
Used {00,03,...,21} + 00 01 ... 12
 Limits    30.0000000       50.0000000       65.0000000       75.0000000       85.0000000       95.0000000       100.000000    
 Each class is data <= limit, the very last > last limit
 Total number of values      161576
                                              OBSERVATION
                                     29      117        3        0        0        0        0        0 |       149
                                     87     6726     3768      297      142       30        6        0 |     11056
                                      4     3215    16892     6496     1751      425       83        0 |     28866
                     MNWC2-ref        1      298     6435    13069     7933     2008      333        0 |     30077
                                      0       84     1650     7597    17762     9338     1523        0 |     37954
                                      0       16      375     1483     8083    20419     7921        0 |     38297
                                      0        1       63      215      995     5107     8397        0 |     14778
                                      0        0        0        0       15       73      311        0 |       399

                    SUM             121    10457    29186    29157    36681    37400    18574        0 |    161576
                                              OBSERVATION
                                     30      150        6        0        0        0        0        0 |       186
                                     83     6768     3916      309      140       23        4        0 |     11243
                                      7     3147    16708     6637     1840      448       92        0 |     28879
                  MNWC2-Bscale        1      275     6472    12932     8096     2065      352        0 |     30193
                                      0       94     1652     7626    17585     9524     1580        0 |     38061
                                      0       21      378     1471     8004    20302     7850        0 |     38026
                                      0        2       54      182     1010     4962     8356        0 |     14566
                                      0        0        0        0        6       76      340        0 |       422

                    SUM             121    10457    29186    29157    36681    37400    18574        0 |    161576
                                              OBSERVATION
                                     47      148        3        0        0        0        0        0 |       198
                                     72     7512     4745      375      158       30       10        0 |     12902
                                      2     2503    17303     7508     2167      582      112        0 |     30177
                 MNWC2-Bs-mix1        0      223     5588    13144     8565     2310      357        0 |     30187
                                      0       56     1241     6797    17644    10003     1802        0 |     37543
                                      0       14      273     1207     7361    19968     8161        0 |     36984
                                      0        1       33      126      779     4439     7797        0 |     13175
                                      0        0        0        0        7       68      335        0 |       410

                    SUM             121    10457    29186    29157    36681    37400    18574        0 |    161576
                                              OBSERVATION
                                     45      198       18        0        0        0        0        0 |       261
                                     74     7656     5310      454      181       49       15        0 |     13739
                                      1     2310    17110     7746     2413      648      108        0 |     30336
                  MNWC-Bs-mix2        0      229     5254    13173     8831     2608      488        0 |     30583
                                      1       44     1217     6517    17369     9861     1802        0 |     36811
                                      0       19      246     1115     7166    19832     8055        0 |     36433
                                      0        1       31      149      701     4337     7846        0 |     13065
                                      0        0        0        3       20       65      260        0 |       348

                    SUM             121    10457    29186    29157    36681    37400    18574        0 |    161576

