 <pre>

 Contingency table for Visibility (m)
 Selection: METCOOP    355 stations
Period: 20240601-20240630
Used {00,03,...,21} + 00 01 ... 12
 Limits    200.000000       500.000000       1000.00000       3000.00000       5000.00000       10000.0000       20000.0000       40000.0000    
 Each class is data <= limit, the very last > last limit
 Total number of values      984399
                                                       OBSERVATION
                                    132      205      113      124      104      224      466      351      344 |      2063
                                    118      212      131      210      115      310      567      448      440 |      2551
                                     81      135       69      138      104      240      389      290      299 |      1745
                                    276      296      253      702      674     1555     2155     1499     1527 |      8937
                     MNWC2-ref      402      264      220      779     1306     3369     4778     3033     2988 |     17139
                                    976      581      410     1636     2652     8514    17787    16948    14766 |     64270
                                   1059      743      598     1737     2107     9265    34563    51383    66768 |    168223
                                    381      527      521     1455     1712     8718    51923   110780   187491 |    363508
                                    324      475      406     1169     1254     5080    49355   108560   189340 |    355963

                    SUM            3749     3438     2721     7950    10028    37275   161983   293292   463963 |    984399
                                                       OBSERVATION
                                    171      204      135      140       76      202      402      371      380 |      2081
                                    156      177       99      202      132      333      522      459      474 |      2554
                                     61      117       68      136       89      238      387      272      351 |      1719
                                    251      306      233      697      697     1605     2191     1475     1621 |      9076
                  MNWC2-Bscale      418      260      242      763     1223     3343     4681     3000     3001 |     16931
                                    950      566      436     1616     2696     8378    17804    16801    14699 |     63946
                                   1050      751      545     1696     2166     9322    34436    51293    66709 |    167968
                                    374      575      517     1506     1706     8726    52007   109717   186149 |    361277
                                    318      482      446     1194     1243     5128    49553   109904   190579 |    358847

                    SUM            3749     3438     2721     7950    10028    37275   161983   293292   463963 |    984399
                                                       OBSERVATION
                                    160      283      186      208       99      243      420      333      338 |      2270
                                    156      193      150      193      119      308      550      450      439 |      2558
                                     57      114       55      140       82      224      360      315      319 |      1666
                                    245      301      233      623      656     1565     2017     1235     1339 |      8214
                 MNWC2-Bs-mix1      338      239      215      702     1230     3129     4245     2560     2499 |     15157
                                    921      601      410     1624     2552     7994    16638    15205    12281 |     58226
                                   1138      686      554     1708     2182     9427    33399    48852    60083 |    158029
                                    418      591      493     1537     1777     8932    51345   108724   182030 |    355847
                                    316      430      425     1215     1331     5453    53009   115618   204635 |    382432

                    SUM            3749     3438     2721     7950    10028    37275   161983   293292   463963 |    984399
                                                       OBSERVATION
                                    183      311      211      181      111      255      427      324      312 |      2315
                                    157      219      170      256      123      311      611      473      518 |      2838
                                     79      116       55      136      112      202      336      316      320 |      1672
                                    226      260      172      605      613     1403     1826     1265     1149 |      7519
                  MNWC-Bs-mix2      333      244      177      631     1150     2934     3815     2414     2195 |     13893
                                    881      580      427     1573     2539     8010    16201    14401    11404 |     56016
                                   1164      709      574     1802     2132     9290    33119    47728    57372 |    153890
                                    427      563      486     1496     1901     9258    51985   109826   179894 |    355836
                                    299      436      449     1270     1347     5612    53663   116545   210799 |    390420

                    SUM            3749     3438     2721     7950    10028    37275   161983   293292   463963 |    984399

