 <pre>

 Contingency table for Visibility (m)
 Selection: Svealand     38 stations
Period: 20240601-20240630
Used {00,03,...,21} + 00 01 ... 12
 Limits    200.000000       500.000000       1000.00000       3000.00000       5000.00000       10000.0000       20000.0000       40000.0000    
 Each class is data <= limit, the very last > last limit
 Total number of values      112621
                                                       OBSERVATION
                                     13       33       13       17        1       14       31       57       28 |       207
                                     13       20       10       31       10       57       47       44       40 |       272
                                      9       15        9       21        2       28       32       28       19 |       163
                                     47       49       40       97       90      159      222      190      156 |      1050
                     MNWC2-ref      182       35       30       91      228      477      458      364      465 |      2330
                                    365      146       77      191      324      954     1539     2085     2603 |      8284
                                    281      140      128      188      256      809     1975     5517    10048 |     19342
                                     71       83       94      286      173      521     1274    13002    30264 |     45768
                                     98       82       86      267      202      445      893    11727    21405 |     35205

                    SUM            1079      603      487     1189     1286     3464     6471    33014    65028 |    112621
                                                       OBSERVATION
                                     14       32       20       28        5       16       41       54       24 |       234
                                     13       21       11       29        7       55       66       62       37 |       301
                                      7       22        6       20        5       35       32       30       29 |       186
                                     35       54       38      108       94      201      233      202      198 |      1163
                  MNWC2-Bscale      191       47       46       80      192      482      477      347      483 |      2345
                                    368      131       85      193      344      942     1544     2065     2576 |      8248
                                    289      116       93      175      267      757     1911     5446    10026 |     19080
                                     61       92       98      274      184      548     1263    12983    30112 |     45615
                                    101       88       90      282      188      428      904    11825    21543 |     35449

                    SUM            1079      603      487     1189     1286     3464     6471    33014    65028 |    112621
                                                       OBSERVATION
                                     10       53       32       36        8       26       38       57       26 |       286
                                     15       20       13       31       12       49       45       68       43 |       296
                                      3        7        2       19        4       23       42       42       26 |       168
                                     32       42       35       90       79      180      182      179      155 |       974
                 MNWC2-Bs-mix1      145       50       37       84      195      443      439      304      336 |      2033
                                    351      148       82      180      319      909     1449     1925     2071 |      7434
                                    328      112      109      178      261      821     1998     5163     9072 |     18042
                                     90       85       82      284      181      532     1307    12502    29472 |     44535
                                    105       86       95      287      227      481      971    12774    23827 |     38853

                    SUM            1079      603      487     1189     1286     3464     6471    33014    65028 |    112621
                                                       OBSERVATION
                                     14       29       29       22        8       26       37       27       25 |       217
                                     19       34       20       42       12       45       61       63       53 |       349
                                      7       17        8       24       11       31       22       41       17 |       178
                                     45       37       26       83       74      175      218      169      118 |       945
                  MNWC-Bs-mix2      139       35       32       72      170      412      360      329      344 |      1893
                                    325      149       86      162      324      862     1419     1764     2137 |      7228
                                    330      122      101      232      271      858     2039     5360     9018 |     18331
                                     95       97       86      253      189      548     1320    12165    28747 |     43500
                                    105       83       99      299      227      507      995    13096    24569 |     39980

                    SUM            1079      603      487     1189     1286     3464     6471    33014    65028 |    112621

