 <pre>

 Contingency table for clouds <7500m (octas)
 Selection: METCOOPMountain      5 stations
Period: 20240601-20240630
Used {00,03,...,21} + 01 02 ... 12
 Limits    1.00000000       2.00000000       3.00000000       4.00000000       5.00000000       6.00000000       7.00000000    
 Each class is data <= limit, the very last > last limit
 Total number of values       14284
                                              OBSERVATION
                                   2621      107      138      129      113       98      207      243 |      3656
                                    428       32       37       33       43       44       97      126 |       840
                                    360       24       37       46       31       47       89      126 |       760
                     MNWC2-ref      355       39       32       34       33       47      100      157 |       797
                                    308       29       27       27       29       27      121      221 |       789
                                    338       37       38       33       46       50      163      245 |       950
                                    492       43       38       40       74       67      262      457 |      1473
                                   1501       61       94       53      155      200      755     2200 |      5019

                    SUM            6403      372      441      395      524      580     1794     3775 |     14284
                                              OBSERVATION
                                   2597      105      151      132       94      103      199      269 |      3650
                                    466       33       31       28       40       39       89      127 |       853
                                    348       25       30       36       29       41      101      129 |       739
                  MNWC2-Bscale      291       31       29       40       43       53       91      140 |       718
                                    327       40       33       37       45       45      130      184 |       841
                                    350       34       37       28       38       45      182      246 |       960
                                    469       49       33       37       68       57      243      428 |      1384
                                   1555       55       97       57      167      197      759     2252 |      5139

                    SUM            6403      372      441      395      524      580     1794     3775 |     14284
                                              OBSERVATION
                                   2805      114      156      141      111      115      205      263 |      3910
                                    457       25       37       31       33       38      117      151 |       889
                                    350       31       39       33       36       48      127      154 |       818
                 MNWC2-Bs-mix1      278       44       38       32       29       53      124      158 |       756
                                    277       36       26       29       45       42      132      207 |       794
                                    334       23       28       24       47       50      160      238 |       904
                                    438       38       33       34       86       56      260      453 |      1398
                                   1464       61       84       71      137      178      669     2151 |      4815

                    SUM            6403      372      441      395      524      580     1794     3775 |     14284
                                              OBSERVATION
                                   2790      122      156      154       92      112      214      250 |      3890
                                    454       29       36       34       34       52      113      177 |       929
                                    367       39       34       30       45       38      120      169 |       842
                  MNWC-Bs-mix2      329       32       31       33       35       46      143      177 |       826
                                    341       32       32       32       39       58      145      214 |       893
                                    309       33       33       35       55       50      157      272 |       944
                                    480       37       35       26       74       68      239      410 |      1369
                                   1333       48       84       51      150      156      663     2106 |      4591

                    SUM            6403      372      441      395      524      580     1794     3775 |     14284

