 <pre>

 Contingency table for Low clouds (octas)
 Selection: Svealand     34 stations
Period: 20240601-20240630
Used {00,03,...,21} + 01 02 ... 12
 Limits    1.00000000       2.00000000       3.00000000       4.00000000       5.00000000       6.00000000       7.00000000    
 Each class is data <= limit, the very last > last limit
 Total number of values       86645
                                              OBSERVATION
                                  44116     1980     1466     1085      825      764      719     1573 |     52528
                                   2591      417      298      262      202      171      201      309 |      4451
                                   1581      289      297      229      161      163      150      237 |      3107
                     MNWC2-ref     1466      334      303      251      174      149      159      229 |      3065
                                   1294      372      294      247      174      168      177      246 |      2972
                                   1240      407      327      268      206      173      221      286 |      3128
                                   1330      530      434      380      287      257      303      454 |      3975
                                   2810     1690     1622     1234      899     1091     1335     2738 |     13419

                    SUM           56428     6019     5041     3956     2928     2936     3265     6072 |     86645
                                              OBSERVATION
                                  44216     2036     1455     1049      821      731      697     1551 |     52556
                                   2524      386      340      288      198      170      211      328 |      4445
                                   1681      318      302      229      157      150      173      219 |      3229
                  MNWC2-Bscale     1411      337      316      243      151      144      165      245 |      3012
                                   1236      371      287      254      202      152      183      214 |      2899
                                   1124      400      327      271      181      216      220      288 |      3027
                                   1346      517      472      407      251      272      277      450 |      3992
                                   2890     1654     1542     1215      967     1101     1339     2777 |     13485

                    SUM           56428     6019     5041     3956     2928     2936     3265     6072 |     86645
                                              OBSERVATION
                                  45925     2186     1620     1237      867      779      761     1705 |     55080
                                   2141      383      313      263      196      189      213      296 |      3994
                                   1456      327      279      247      167      162      171      220 |      3029
                 MNWC2-Bs-mix1     1243      330      281      246      176      177      186      245 |      2884
                                   1088      371      327      270      186      152      178      284 |      2856
                                   1069      400      347      269      198      236      222      326 |      3067
                                   1202      504      427      317      276      248      286      430 |      3690
                                   2304     1518     1447     1107      862      993     1248     2566 |     12045

                    SUM           56428     6019     5041     3956     2928     2936     3265     6072 |     86645
                                              OBSERVATION
                                  46461     2238     1688     1200      917      799      809     1667 |     55779
                                   2081      374      306      256      180      187      191      308 |      3883
                                   1337      307      306      227      154      153      168      236 |      2888
                  MNWC-Bs-mix2     1195      332      290      256      183      143      184      259 |      2842
                                   1063      368      284      218      175      150      185      266 |      2709
                                    970      370      323      287      186      203      201      295 |      2835
                                   1104      489      412      360      268      267      285      447 |      3632
                                   2217     1541     1432     1152      865     1034     1242     2594 |     12077

                    SUM           56428     6019     5041     3956     2928     2936     3265     6072 |     86645

