 <pre>

 Contingency table for Visibility (m)
 Selection: METCOOPCoast     51 stations
Period: 20240601-20240630
Used {00,03,...,21} + 00 01 ... 12
 Limits    200.000000       500.000000       1000.00000       3000.00000       5000.00000       10000.0000       20000.0000       40000.0000    
 Each class is data <= limit, the very last > last limit
 Total number of values      143243
                                                       OBSERVATION
                                     14       46       17        7       19       14       50       83       67 |       317
                                      1        7       15       29       17        7       45       51       62 |       234
                                      2       11        7       13        4        6       18       30       32 |       123
                                     22       27       18       21       27       33       49       71       66 |       334
                     MNWC2-ref       32       35       14       49       82      149      153      133       47 |       694
                                    168       87       53      170      228      604      818      745      259 |      3132
                                    302       90      103      244      233      735     2308     3785     1957 |      9757
                                    154      231      183      451      407     1669     9683    19101    17080 |     48959
                                    114      255      144      444      426     1524    14584    25937    36265 |     79693

                    SUM             809      789      554     1428     1443     4741    27708    49936    55835 |    143243
                                                       OBSERVATION
                                     11       30       21        6       16       10       53       52       84 |       283
                                      4       15       11       19        6       12       19       43       78 |       207
                                      4        9        2        6        3        4       18       19       38 |       103
                                     18       21       15       25       28       33       51       54       79 |       324
                  MNWC2-Bscale       35       28       15       42       69      137      145      106       65 |       642
                                    164       78       60      147      252      638      766      782      322 |      3209
                                    323      112       86      234      259      783     2261     3610     1821 |      9489
                                    131      254      171      498      406     1593     9702    18531    16652 |     47938
                                    119      242      173      451      404     1531    14693    26739    36696 |     81048

                    SUM             809      789      554     1428     1443     4741    27708    49936    55835 |    143243
                                                       OBSERVATION
                                      4       82       54       56       24       21       49       89       93 |       472
                                      5       18       16       15        4        9       61       72       96 |       296
                                      3       11        7        7        5        6       33       44       70 |       186
                                     18       21        9       22       27       35       68       84       84 |       368
                 MNWC2-Bs-mix1       26       32       13       45       64      123      141       99       57 |       600
                                    170       60       46      150      218      592      709      714      305 |      2964
                                    326       89      100      203      239      724     2148     3423     1612 |      8864
                                    138      271      159      499      406     1680     9417    18452    16040 |     47062
                                    119      205      150      431      456     1551    15082    26959    37478 |     82431

                    SUM             809      789      554     1428     1443     4741    27708    49936    55835 |    143243
                                                       OBSERVATION
                                     49      107       79       47       21       41       65       77      104 |       590
                                     12       43       35       42        9       25       76       96      112 |       450
                                      2       13        5       14        8       15       47       47       78 |       229
                                     16       17        5       24       27       46       99      102      119 |       455
                  MNWC-Bs-mix2       22       29       16       51       79      150      161      120       79 |       707
                                    140       63       42      153      226      577      656      688      323 |      2868
                                    325       81       84      235      212      725     2164     3612     1611 |      9049
                                    131      245      145      409      431     1622     9647    19006    16432 |     48068
                                    112      191      143      453      430     1540    14793    26188    36977 |     80827

                    SUM             809      789      554     1428     1443     4741    27708    49936    55835 |    143243

