 <pre>

 Contingency table for Cloud cover (octas)
 Selection: ALL    392 stations
Period: 20240601-20240630
Used {00,03,...,21} + 01 02 ... 12
 Limits   0.500000000       1.50000000       2.50000000       3.50000000       4.50000000       5.50000000       6.50000000       7.50000000    
 Each class is data <= limit, the very last > last limit
 Total number of values      687549
                                                       OBSERVATION
                                  74097    14860    13149     8367     5172     5573     5716     5816     7893 |    140643
                                  14459     5106     5360     4438     3218     3804     4508     5141     7426 |     53460
                                   6756     2712     3083     2694     2177     2692     3445     4124     6165 |     33848
                                   4815     2071     2526     2325     1971     2461     3344     4116     6251 |     29880
                     MNWC2-ref     4251     1859     2326     2360     2055     2705     3746     4653     6682 |     30637
                                   3658     1706     2204     2318     2124     2936     4305     5556     8416 |     33223
                                   3615     1782     2190     2500     2356     3230     4963     7205    11433 |     39274
                                   4066     2067     2649     2935     2834     4170     7034    11584    20629 |     57968
                                   6420     4861     5834     5834     6016     9408    19743    55807   154693 |    268616

                    SUM          122137    37024    39321    33771    27923    36979    56804   104002   229588 |    687549
                                                       OBSERVATION
                                  74079    14839    13028     8238     5136     5348     5714     5865     8122 |    140369
                                  14716     5071     5448     4424     3285     3879     4511     5008     7312 |     53654
                                   6705     2628     3039     2735     2216     2782     3491     4159     6175 |     33930
                                   4732     2035     2384     2366     1969     2493     3335     4115     6158 |     29587
                  MNWC2-Bscale     4255     1985     2347     2331     2083     2729     3753     4764     6812 |     31059
                                   3587     1721     2347     2332     2153     2940     4164     5442     8252 |     32938
                                   3654     1723     2254     2488     2337     3252     5037     7100    11508 |     39353
                                   4121     2099     2626     2906     2748     4214     7017    11542    20657 |     57930
                                   6288     4923     5848     5951     5996     9342    19782    56007   154592 |    268729

                    SUM          122137    37024    39321    33771    27923    36979    56804   104002   229588 |    687549
                                                       OBSERVATION
                                  77073    15624    14131     8878     5516     5908     6035     5855     7818 |    146838
                                  13380     4976     5185     4434     3324     3987     4716     5149     7342 |     52493
                                   6239     2604     3102     2697     2237     2765     3524     4253     6017 |     33438
                                   4552     1943     2402     2368     1983     2498     3476     4056     6135 |     29413
                 MNWC2-Bs-mix1     4053     1831     2307     2357     2049     2688     3836     4738     6978 |     30837
                                   3603     1672     2256     2345     2186     2963     4387     5665     8500 |     33577
                                   3596     1720     2240     2447     2375     3256     5108     7278    11868 |     39888
                                   4054     2121     2471     2905     2776     4086     7221    11882    20966 |     58482
                                   5587     4533     5227     5340     5477     8828    18501    55126   153964 |    262583

                    SUM          122137    37024    39321    33771    27923    36979    56804   104002   229588 |    687549
                                                       OBSERVATION
                                  75424    15476    13896     8654     5278     5746     5877     5442     7128 |    142921
                                  13663     4812     5214     4390     3374     3924     4527     5028     6737 |     51669
                                   6484     2640     3063     2729     2254     2801     3593     4147     5818 |     33529
                                   4743     1987     2429     2381     1931     2400     3251     3961     5967 |     29050
                  MNWC-Bs-mix2     4107     1842     2247     2375     2018     2684     3757     4598     6826 |     30454
                                   3758     1737     2206     2298     2160     2951     4409     5505     8289 |     33313
                                   3691     1765     2284     2477     2407     3309     5131     7212    11704 |     39980
                                   4201     2164     2636     2951     2815     4204     7340    12053    20876 |     59240
                                   6066     4601     5346     5516     5686     8960    18919    56056   156243 |    267393

                    SUM          122137    37024    39321    33771    27923    36979    56804   104002   229588 |    687549

