 <pre>

 Contingency table for clouds <7500m (octas)
 Selection: FinlandSouth     43 stations
Period: 20240601-20240630
Used {00,03,...,21} + 01 02 ... 12
 Limits    1.00000000       2.00000000       3.00000000       4.00000000       5.00000000       6.00000000       7.00000000    
 Each class is data <= limit, the very last > last limit
 Total number of values      119560
                                              OBSERVATION
                                  41526     1676     2142     1142     1556     1065     3043      869 |     53019
                                   3045      353      579      294      479      370     1200      351 |      6671
                                   2426      367      635      335      580      411     1303      334 |      6391
                     MNWC2-ref     2323      441      658      408      642      429     1620      392 |      6913
                                   1851      342      619      378      658      423     1812      467 |      6550
                                   1652      330      583      356      709      475     1986      556 |      6647
                                   1896      390      718      406      962      573     3130     1165 |      9240
                                   2449      491     1025      642     1687     1102     9698     7035 |     24129

                    SUM           57168     4390     6959     3961     7273     4848    23792    11169 |    119560
                                              OBSERVATION
                                  41341     1684     2120     1144     1631     1083     3058      876 |     52937
                                   3133      381      592      330      500      355     1269      366 |      6926
                                   2551      385      634      344      521      364     1287      345 |      6431
                  MNWC2-Bscale     2264      429      692      383      683      434     1692      422 |      6999
                                   1944      325      614      358      672      421     1762      457 |      6553
                                   1696      319      540      364      737      487     2054      587 |      6784
                                   1919      365      709      393      941      596     3256     1155 |      9334
                                   2320      502     1058      645     1588     1108     9414     6961 |     23596

                    SUM           57168     4390     6959     3961     7273     4848    23792    11169 |    119560
                                              OBSERVATION
                                  44338     1902     2544     1384     1899     1283     3767     1054 |     58171
                                   2682      377      570      324      553      403     1407      335 |      6651
                                   2286      372      615      339      587      377     1410      391 |      6377
                 MNWC2-Bs-mix1     2014      387      682      368      694      475     1614      474 |      6708
                                   1604      325      608      382      687      448     1897      508 |      6459
                                   1281      301      573      326      671      425     2046      619 |      6242
                                   1343      338      584      357      819      543     2991     1173 |      8148
                                   1620      388      783      481     1363      894     8660     6615 |     20804

                    SUM           57168     4390     6959     3961     7273     4848    23792    11169 |    119560
                                              OBSERVATION
                                  44407     1973     2671     1436     1956     1319     4037      986 |     58785
                                   2579      377      599      301      549      357     1385      367 |      6514
                                   2142      342      583      317      579      373     1388      361 |      6085
                  MNWC-Bs-mix2     1903      348      670      375      687      449     1672      466 |      6570
                                   1617      329      613      359      665      446     1815      504 |      6348
                                   1318      348      489      357      659      463     2092      675 |      6401
                                   1485      320      570      350      808      572     3068     1231 |      8404
                                   1717      353      764      466     1370      869     8335     6579 |     20453

                    SUM           57168     4390     6959     3961     7273     4848    23792    11169 |    119560

