 <pre>

 Contingency table for Cloud base (m)
 Selection: METCOOP    303 stations
Period: 20240601-20240630
Used {00,03,...,21} + 01 02 ... 12
 Limits    70.0000000       150.000000       300.000000       600.000000       1000.00000       1500.00000       2500.00000       5000.00000    
 Each class is data <= limit, the very last > last limit
 Total number of values      628209
                                                       OBSERVATION
                                   1237      881      465      166       66       47      236      164     1328 |      4590
                                    550     1204     1019      391      146      103      112       44      153 |      3722
                                    594     2012     3813     1766      713      422      377      139      292 |     10128
                                    511     1592     5694     8887     4397     2050     1513      607     1243 |     26494
                     MNWC2-ref      610      943     3031     7096    11616     7059     3868     1508     3529 |     39260
                                    851      787     2453     4689     9151    20824    14599     4639     8731 |     66724
                                    958      948     2195     3272     4386    12373    33926    13943    16759 |     88760
                                    572      518     1363     2186     2559     4627    13421    19560     7819 |     52625
                                   4749     2863     6021    10382    11921    18877    34504    31558   215031 |    335906

                    SUM           10632    11748    26054    38835    44955    66382   102556    72162   254885 |    628209
                                                       OBSERVATION
                                   1223      832      472      193       68       64      231      186     1302 |      4571
                                    516     1173      954      415      168       85      127       49      130 |      3617
                                    585     1938     3676     1795      749      433      386      149      288 |      9999
                                    527     1637     5775     9077     4441     2034     1574      584     1281 |     26930
                  MNWC2-Bscale      638      923     3098     7006    11804     7012     4001     1525     3627 |     39634
                                    787      807     2457     4396     9086    20534    14595     4653     8614 |     65929
                                    971      958     2280     3257     4350    12638    33803    13920    16479 |     88656
                                    594      548     1391     2168     2527     4793    13247    19311     7672 |     52251
                                   4791     2932     5951    10528    11762    18789    34592    31785   215492 |    336622

                    SUM           10632    11748    26054    38835    44955    66382   102556    72162   254885 |    628209
                                                       OBSERVATION
                                   1402      928      494      213       72       76      230      180     1274 |      4869
                                    489     1088      943      387      141       60       81       35      131 |      3355
                                    537     1828     3314     1469      538      295      223      101      234 |      8539
                                    554     1625     5637     8647     3858     1637     1152      424      969 |     24503
                 MNWC2-Bs-mix1      569      938     3165     7195    11255     6100     3287     1234     2847 |     36590
                                    787      821     2536     4546     9584    20292    12710     4043     6941 |     62260
                                    831      940     2204     3216     4384    13280    34028    12428    13709 |     85020
                                    495      516     1326     2090     2459     4454    12621    18299     6008 |     48268
                                   4968     3064     6435    11072    12664    20188    38224    35418   222772 |    354805

                    SUM           10632    11748    26054    38835    44955    66382   102556    72162   254885 |    628209
                                                       OBSERVATION
                                   1518      958      519      192       76       83      304      252     1419 |      5321
                                    572     1215     1020      374      108       70       90       49      178 |      3676
                                    604     2005     3682     1529      507      285      236      120      323 |      9291
                                    636     1801     6180     9043     3688     1558     1112      438     1179 |     25635
                  MNWC-Bs-mix2      658     1010     3154     7842    11343     5809     3157     1294     2872 |     37139
                                    718      703     2480     4583     9817    19721    12121     3968     6573 |     60684
                                    777      875     2036     3096     4313    13437    32935    12382    13897 |     83748
                                    520      473     1271     2038     2386     4503    12640    18171     6337 |     48339
                                   4629     2708     5712    10138    12717    20916    39961    35488   222107 |    354376

                    SUM           10632    11748    26054    38835    44955    66382   102556    72162   254885 |    628209

