 <pre>

 Contingency table for clouds <7500m (octas)
 Selection: SwedenOpenLandWind     44 stations
Period: 20240601-20240630
Used {00,03,...,21} + 01 02 ... 12
 Limits    1.00000000       2.00000000       3.00000000       4.00000000       5.00000000       6.00000000       7.00000000    
 Each class is data <= limit, the very last > last limit
 Total number of values      125226
                                              OBSERVATION
                                  41553     1783     1756     1355     1409     1232     1676     3095 |     53859
                                   3695      425      411      343      441      368      691      991 |      7365
                                   2913      340      392      328      383      367      631      993 |      6347
                     MNWC2-ref     2786      370      444      389      412      405      746     1170 |      6722
                                   2258      334      491      375      431      401      789     1423 |      6502
                                   2088      342      489      360      508      471      980     1712 |      6950
                                   2504      362      639      488      759      678     1502     2689 |      9621
                                   5149      648     1271      811     1845     1578     3970    12588 |     27860

                    SUM           62946     4604     5893     4449     6188     5500    10985    24661 |    125226
                                              OBSERVATION
                                  41640     1755     1768     1367     1414     1223     1724     3133 |     54024
                                   3733      438      441      343      411      376      663      984 |      7389
                                   2900      347      398      328      358      377      642      963 |      6313
                  MNWC2-Bscale     2607      379      474      379      411      400      716     1181 |      6547
                                   2244      367      456      367      464      383      878     1344 |      6503
                                   2118      301      467      410      514      487     1021     1665 |      6983
                                   2586      380      615      449      733      682     1463     2719 |      9627
                                   5118      637     1274      806     1883     1572     3878    12672 |     27840

                    SUM           62946     4604     5893     4449     6188     5500    10985    24661 |    125226
                                              OBSERVATION
                                  43816     1951     1971     1503     1550     1418     1910     3395 |     57514
                                   3484      421      469      348      451      346      765     1070 |      7354
                                   2705      349      416      355      400      361      717     1029 |      6332
                 MNWC2-Bs-mix1     2369      390      464      374      438      390      812     1172 |      6409
                                   1967      318      418      350      455      426      865     1461 |      6260
                                   1861      285      439      395      528      510      962     1647 |      6627
                                   2129      361      591      422      761      687     1448     2651 |      9050
                                   4615      529     1125      702     1605     1362     3506    12236 |     25680

                    SUM           62946     4604     5893     4449     6188     5500    10985    24661 |    125226
                                              OBSERVATION
                                  43977     2031     2029     1569     1574     1439     1989     3335 |     57943
                                   3402      359      464      371      412      425      711     1072 |      7216
                                   2691      368      425      362      404      353      739      983 |      6325
                  MNWC-Bs-mix2     2410      343      431      362      408      385      781     1214 |      6334
                                   2054      297      464      331      463      426      824     1332 |      6191
                                   1870      288      425      347      563      478     1041     1672 |      6684
                                   2225      365      571      436      750      661     1429     2680 |      9117
                                   4317      553     1084      671     1614     1333     3471    12373 |     25416

                    SUM           62946     4604     5893     4449     6188     5500    10985    24661 |    125226

