 <pre>

 Contingency table for Visibility (m)
 Selection: FinlandSouth     43 stations
Period: 20240601-20240630
Used {00,03,...,21} + 00 01 ... 12
 Limits    200.000000       500.000000       1000.00000       3000.00000       5000.00000       10000.0000       20000.0000       40000.0000    
 Each class is data <= limit, the very last > last limit
 Total number of values      129927
                                                       OBSERVATION
                                     28       47       17       22       15       40      119       60       14 |       362
                                     22       39       16       34        9       41      123       59       23 |       366
                                     10       24        8       20       10       29       71       38       24 |       234
                                     21       39       29       94       79      190      381      231      174 |      1238
                     MNWC2-ref       19       27       32       73       93      298      621      350      398 |      1911
                                     44       50       33      120      164      504     1566     1429     1496 |      5406
                                     51       87       72      225      189      793     4499     6074    10459 |     22449
                                      0       21       19       62      121      426     6126     9487    29506 |     45768
                                     13       19       21       71       86      252     9612    11035    31084 |     52193

                    SUM             208      353      247      721      766     2573    23118    28763    73178 |    129927
                                                       OBSERVATION
                                     32       55       23       18       13       29       85       59       15 |       329
                                     31       26       11       28       13       32       95       61       24 |       321
                                      5       13        9       21        9       32      103       26       31 |       249
                                     26       42       20      104       69      198      455      224      192 |      1330
                  MNWC2-Bscale       21       17       27       72       73      271      557      344      362 |      1744
                                     28       51       43      104      158      511     1561     1392     1433 |      5281
                                     53      105       75      228      228      798     4434     5957    10008 |     21886
                                      1       20       14       79      108      443     6213     9457    29185 |     45520
                                     11       24       25       67       95      259     9615    11243    31928 |     53267

                    SUM             208      353      247      721      766     2573    23118    28763    73178 |    129927
                                                       OBSERVATION
                                     33       68       24       31        7       50       75       43       19 |       350
                                     27       25       10       22        9       28       83       45       15 |       264
                                      3       25        7       21        8       17       48       24       13 |       166
                                     20       41       33       84       68      195      397      169      151 |      1158
                 MNWC2-Bs-mix1       16       12       29       62       85      262      544      314      322 |      1646
                                     31       51       46      126      147      486     1347     1281     1189 |      4704
                                     60       89       58      235      211      834     4181     5674     8864 |     20206
                                      5       24       14       76      138      406     5880     8915    27874 |     43332
                                     13       18       26       64       93      295    10563    12298    34731 |     58101

                    SUM             208      353      247      721      766     2573    23118    28763    73178 |    129927
                                                       OBSERVATION
                                     25       83       28       38       15       43       97       74       35 |       438
                                     25       34       15       24       12       41      131       87       45 |       414
                                      5       13       10       22       10       25       59       53       32 |       229
                                     24       23       24       81       61      174      316      194      175 |      1072
                  MNWC-Bs-mix2       11       29       15       72       83      249      486      317      277 |      1539
                                     29       31       33      108      134      488     1330     1218     1089 |      4460
                                     72       92       85      215      205      810     4136     5574     8775 |     19964
                                      5       26       13       76      153      447     5858     8802    27416 |     42796
                                     12       22       24       85       93      296    10705    12444    35334 |     59015

                    SUM             208      353      247      721      766     2573    23118    28763    73178 |    129927

