 <pre>

 Contingency table for Low clouds (octas)
 Selection: FinlandInlandWind     23 stations
Period: 20240601-20240630
Used {00,03,...,21} + 01 02 ... 12
 Limits    1.00000000       2.00000000       3.00000000       4.00000000       5.00000000       6.00000000       7.00000000    
 Each class is data <= limit, the very last > last limit
 Total number of values       59654
                                              OBSERVATION
                                  29601      792     1075      440      661      380     1046      871 |     34866
                                   1874      134      242       98      142       89      301      211 |      3091
                                   1244      121      200       84      162       86      279      190 |      2366
                     MNWC2-ref     1042      117      195      101      169       93      274      178 |      2169
                                    911      118      209      100      171       82      303      166 |      2060
                                    891      108      207       96      201      102      365      224 |      2194
                                   1114      135      242      145      260      133      523      322 |      2874
                                   2347      302      607      307      758      366     2539     2808 |     10034

                    SUM           39024     1827     2977     1371     2524     1331     5630     4970 |     59654
                                              OBSERVATION
                                  29660      793     1112      449      677      401     1053      877 |     35022
                                   1887      159      250       92      192       79      316      224 |      3199
                                   1228      121      180       90      176       83      248      187 |      2313
                  MNWC2-Bscale     1075      127      165       93      146       92      259      165 |      2122
                                    947       95      193       82      151       83      300      191 |      2042
                                    852       82      206      119      188       78      346      222 |      2093
                                   1134      128      271      125      269      130      556      355 |      2968
                                   2241      322      600      321      725      385     2552     2749 |      9895

                    SUM           39024     1827     2977     1371     2524     1331     5630     4970 |     59654
                                              OBSERVATION
                                  31123      915     1283      507      784      440     1157      907 |     37116
                                   1612      138      252      124      185       91      310      269 |      2981
                                   1044       95      184       89      157       84      291      187 |      2131
                 MNWC2-Bs-mix1      943      126      170       97      173       79      300      192 |      2080
                                    835      116      184       94      182       91      293      183 |      1978
                                    751      107      194      103      166       81      399      249 |      2050
                                    890       96      233       98      231      141      543      390 |      2622
                                   1826      234      477      259      646      324     2337     2593 |      8696

                    SUM           39024     1827     2977     1371     2524     1331     5630     4970 |     59654
                                              OBSERVATION
                                  31602      995     1339      577      805      467     1246      868 |     37899
                                   1493      128      235      110      176      100      331      244 |      2817
                                   1031       99      167       91      166       60      285      211 |      2110
                  MNWC-Bs-mix2      876      103      174       87      164       79      296      171 |      1950
                                    755       90      168       97      171       80      326      213 |      1900
                                    754       92      190       85      171      107      386      254 |      2039
                                    808      105      229      108      232      114      536      394 |      2526
                                   1705      215      475      216      639      324     2224     2615 |      8413

                    SUM           39024     1827     2977     1371     2524     1331     5630     4970 |     59654

