 <pre>

 Contingency table for Rh2m (%)
 Selection: SwedenOpenLandWind     69 stations
Period: 20240601-20240630
Used {00,03,...,21} + 00 01 ... 12
 Limits    30.0000000       50.0000000       65.0000000       75.0000000       85.0000000       95.0000000       100.000000    
 Each class is data <= limit, the very last > last limit
 Total number of values      210326
                                              OBSERVATION
                                    155      218        2        0        0        0        0        0 |       375
                                    709    11075     2514      486      125       37        4        0 |     14950
                                    113     8884    18247     5510     1308      488       77        0 |     34627
                     MNWC2-ref        9     1676    10697    15581     7313     1629      222        0 |     37127
                                      8      518     3960    11928    21468     9419     1010        0 |     48311
                                      4      184     1418     4593    14594    24284     7195        0 |     52272
                                     16       29      356     1142     3535     7927     8858        0 |     21863
                                      0        0        0       22       72      205      502        0 |       801

                    SUM            1014    22584    37194    39262    48415    43989    17868        0 |    210326
                                              OBSERVATION
                                    170      235        0        0        0        0        0        0 |       405
                                    696    11145     2767      501      126       39        3        0 |     15277
                                    110     8784    18108     5821     1376      534       68        0 |     34801
                  MNWC2-Bscale       12     1680    10498    15297     7464     1600      258        0 |     36809
                                      6      528     4083    11942    21364     9676     1009        0 |     48608
                                      4      194     1410     4545    14343    23999     7344        0 |     51839
                                     16       18      327     1134     3674     7941     8628        0 |     21738
                                      0        0        1       22       68      200      558        0 |       849

                    SUM            1014    22584    37194    39262    48415    43989    17868        0 |    210326
                                              OBSERVATION
                                    217      327        1        0        0        0        0        0 |       545
                                    679    12473     3552      706      155       78        2        0 |     17645
                                     82     7878    19029     6439     1710      635       81        0 |     35854
                 MNWC2-Bs-mix1        9     1372     9791    15665     8020     1783      235        0 |     36875
                                      7      364     3348    11449    21734    10046     1097        0 |     48045
                                      3      152     1241     4096    13594    23874     7566        0 |     50526
                                     17       18      232      892     3142     7412     8397        0 |     20110
                                      0        0        0       15       60      161      490        0 |       726

                    SUM            1014    22584    37194    39262    48415    43989    17868        0 |    210326
                                              OBSERVATION
                                    229      414        7        2        0        0        0        0 |       652
                                    671    13379     4144      817      211       87        4        0 |     19313
                                     81     7211    19259     6764     1981      676       87        0 |     36059
                  MNWC-Bs-mix2        8     1181     9322    15445     8009     2031      244        0 |     36240
                                      5      280     3281    11475    21660    10080     1156        0 |     47937
                                      2      105      975     3908    13652    23943     7543        0 |     50128
                                     17       14      206      847     2857     7031     8448        0 |     19420
                                      1        0        0        4       45      141      386        0 |       577

                    SUM            1014    22584    37194    39262    48415    43989    17868        0 |    210326

