 <pre>

 Contingency table for Rh2m (%)
 Selection: Norrland     72 stations
Period: 20240601-20240630
Used {00,03,...,21} + 00 01 ... 12
 Limits    30.0000000       50.0000000       65.0000000       75.0000000       85.0000000       95.0000000       100.000000    
 Each class is data <= limit, the very last > last limit
 Total number of values      221840
                                              OBSERVATION
                                    201       79        1        0        0        0        0        0 |       281
                                   1481    17651     2922      228      128       19        0        0 |     22429
                                    186    14603    24850     5278     1501      460       38        0 |     46916
                     MNWC2-ref       11     2545    13331    13954     6382     1740      230        0 |     38193
                                      8      734     5101    10697    14632     7257     1351        0 |     39780
                                      4      315     2216     5548    13149    18195     6469        0 |     45896
                                     16       54      502     1352     5135     9951    10275        0 |     27285
                                      0        0        0       18      150      274      618        0 |      1060

                    SUM            1907    35981    48923    37075    41077    37896    18981        0 |    221840
                                              OBSERVATION
                                    177       64        1        0        0        0        0        0 |       242
                                   1501    17456     3053      246      137       25        0        0 |     22418
                                    189    14671    24190     5352     1497      436       44        0 |     46379
                  MNWC2-Bscale       14     2608    13565    13561     6153     1666      251        0 |     37818
                                      6      792     5343    10842    14729     7211     1299        0 |     40222
                                      4      354     2253     5690    13009    18190     6584        0 |     46084
                                     16       36      517     1366     5423    10059    10174        0 |     27591
                                      0        0        1       18      129      309      629        0 |      1086

                    SUM            1907    35981    48923    37075    41077    37896    18981        0 |    221840
                                              OBSERVATION
                                    306      187        1        0        0        0        0        0 |       494
                                   1423    19776     4275      347      183       40        2        0 |     26046
                                    140    13155    25962     6572     2030      626       65        0 |     48550
                 MNWC2-Bs-mix1       12     2046    12182    14165     6943     2126      320        0 |     37794
                                      6      530     4379    10029    15088     7569     1511        0 |     39112
                                      3      262     1800     4905    12111    18178     6743        0 |     44002
                                     17       25      324     1041     4596     9137     9803        0 |     24943
                                      0        0        0       16      126      220      537        0 |       899

                    SUM            1907    35981    48923    37075    41077    37896    18981        0 |    221840
                                              OBSERVATION
                                    387      294        0        0        0        0        0        0 |       681
                                   1357    21576     5437      499      240       58        1        0 |     29168
                                    126    11784    26845     7256     2450      909       92        0 |     49462
                  MNWC-Bs-mix2       12     1696    11070    14128     7157     2419      426        0 |     36908
                                      5      417     3901     9841    15170     7849     1691        0 |     38874
                                      2      188     1408     4365    11821    17811     6931        0 |     42526
                                     17       26      262      981     4161     8630     9415        0 |     23492
                                      1        0        0        5       78      220      425        0 |       729

                    SUM            1907    35981    48923    37075    41077    37896    18981        0 |    221840

