 <pre>

 Contingency table for Low clouds (octas)
 Selection: SwedenCoast     21 stations
Period: 20240601-20240630
Used {00,03,...,21} + 01 02 ... 12
 Limits    1.00000000       2.00000000       3.00000000       4.00000000       5.00000000       6.00000000       7.00000000    
 Each class is data <= limit, the very last > last limit
 Total number of values       56516
                                              OBSERVATION
                                  35875      971      583      538      389      446      377     1589 |     40768
                                   1707      208      124      107       58       59       75      220 |      2558
                                   1000      129       87       79       53       52       32      142 |      1574
                     MNWC2-ref      862      115       67       75       47       48       36      117 |      1367
                                    711      115       68       70       51       53       42      122 |      1232
                                    672      115       91       64       65       65       48      126 |      1246
                                    743      172      116      102       68       63       67      200 |      1531
                                   1796      771      514      473      385      350      371     1580 |      6240

                    SUM           43366     2596     1650     1508     1116     1136     1048     4096 |     56516
                                              OBSERVATION
                                  35978      995      563      499      363      409      390     1537 |     40734
                                   1586      178      109      119       70       82       62      258 |      2464
                                   1061      142       97       89       55       56       43      147 |      1690
                  MNWC2-Bscale      854      114       81       73       37       47       34      123 |      1363
                                    721      139       80       84       49       61       40      114 |      1288
                                    652      116       83       78       52       59       49      143 |      1232
                                    799      166      106      101       88       92       68      196 |      1616
                                   1715      746      531      465      402      330      362     1578 |      6129

                    SUM           43366     2596     1650     1508     1116     1136     1048     4096 |     56516
                                              OBSERVATION
                                  37011     1044      652      519      406      446      401     1450 |     41929
                                   1496      171      102      107       79       70       67      208 |      2300
                                    911      116       65       75       51       51       51      150 |      1470
                 MNWC2-Bs-mix1      713      122       72       66       42       48       33      119 |      1215
                                    615      133       69       59       42       51       38      126 |      1133
                                    532      122       74       82       46       63       48      141 |      1108
                                    642      175      104      116       70       80       66      222 |      1475
                                   1446      713      512      484      380      327      344     1680 |      5886

                    SUM           43366     2596     1650     1508     1116     1136     1048     4096 |     56516
                                              OBSERVATION
                                  37202     1030      636      516      398      407      374     1203 |     41766
                                   1344      159      103       97       76       73       59      189 |      2100
                                    849      117       79       59       46       48       42      107 |      1347
                  MNWC-Bs-mix2      689      109       74       72       47       41       40      105 |      1177
                                    573      123       68       60       42       56       31      114 |      1067
                                    618      111       80       74       51       49       41      119 |      1143
                                    654      191      116       98       60       81       71      201 |      1472
                                   1437      756      494      532      396      381      390     2058 |      6444

                    SUM           43366     2596     1650     1508     1116     1136     1048     4096 |     56516

