 <pre>

 Contingency table for Cloud base (m)
 Selection: ALL    653 stations
Period: 20240601-20240630
Used {00,03,...,21} + 01 02 ... 12
 Limits    70.0000000       150.000000       300.000000       600.000000       1000.00000       1500.00000       2500.00000       5000.00000    
 Each class is data <= limit, the very last > last limit
 Total number of values     1170079
                                                       OBSERVATION
                                   1754     1108      651      452      439      114      271      483     1912 |      7184
                                    938     1694     1626      698      372      153      126      117      240 |      5964
                                    949     3213     6807     3798     1493      591      478      284      364 |     17977
                                    794     2742    10929    18907     8351     3163     2083      966     1539 |     49474
                     MNWC2-ref      889     1563     5245    17394    29314    12125     6508     2704     5113 |     80855
                                   1214     1490     4457    10527    24337    40859    24208     8206    13019 |    128317
                                   1494     1618     4082     9001    17134    28022    61656    25407    26015 |    174429
                                    971     1090     2693     6006    10428     9742    21052    31918     9966 |     93866
                                   6867     4349    10376    24209    44846    49239    65773    65304   341050 |    612013

                    SUM           15870    18867    46866    90992   136714   144008   182155   135389   399218 |   1170079
                                                       OBSERVATION
                                   1741     1060      662      478      483      142      255      527     1879 |      7227
                                    869     1637     1520      761      409      130      144      149      208 |      5827
                                    978     3092     6522     3796     1591      642      487      320      357 |     17785
                                    832     2809    10976    18861     8386     3107     2135      985     1563 |     49654
                  MNWC2-Bscale      901     1568     5470    17343    29284    12150     6664     2862     5199 |     81441
                                   1166     1502     4430    10167    24397    40686    24207     8150    12872 |    127577
                                   1451     1671     4097     9074    16894    28336    62033    25455    25515 |    174526
                                    971     1119     2770     6075    10378     9828    20790    31815     9877 |     93623
                                   6961     4409    10419    24437    44892    48987    65440    65126   341748 |    612419

                    SUM           15870    18867    46866    90992   136714   144008   182155   135389   399218 |   1170079
                                                       OBSERVATION
                                   1986     1173      678      486      429      149      246      467     1795 |      7409
                                    858     1606     1563      721      343       99       91      108      201 |      5590
                                    921     3049     6178     3299     1189      434      304      229      297 |     15900
                                    817     2749    10827    18625     7535     2551     1671      720     1243 |     46738
                 MNWC2-Bs-mix1      806     1538     5456    17819    28867    10907     5841     2404     4257 |     77895
                                   1114     1512     4461    10303    24797    40117    21913     7205    10781 |    122203
                                   1275     1579     3950     8749    17205    29210    62383    23626    21349 |    169326
                                    868     1064     2669     5760     9581     9120    20004    30138     7730 |     86934
                                   7225     4597    11084    25230    46768    51421    69702    70492   351565 |    638084

                    SUM           15870    18867    46866    90992   136714   144008   182155   135389   399218 |   1170079
                                                       OBSERVATION
                                   2257     1175      690      425      351      148      326      501     1952 |      7825
                                    977     1735     1573      664      257       94      113      120      228 |      5761
                                   1036     3397     6663     3324     1068      410      334      240      429 |     16901
                                    977     3086    12091    19759     7482     2446     1700      776     1656 |     49973
                  MNWC-Bs-mix2      969     1766     5714    19742    30913    10859     5885     2622     4832 |     83302
                                   1002     1295     4299    10461    25135    39802    21098     7012    10477 |    120581
                                   1140     1389     3538     8500    16981    29375    61224    23581    21466 |    167194
                                    838      971     2542     5474     9177     9077    19787    29956     8084 |     85906
                                   6674     4053     9756    22643    45350    51797    71688    70581   350094 |    632636

                    SUM           15870    18867    46866    90992   136714   144008   182155   135389   399218 |   1170079

