 <pre>

 Contingency table for Rh2m (%)
 Selection: NorwayInlandWind     45 stations
Period: 20240601-20240630
Used {00,03,...,21} + 00 01 ... 12
 Limits    30.0000000       50.0000000       65.0000000       75.0000000       85.0000000       95.0000000       100.000000    
 Each class is data <= limit, the very last > last limit
 Total number of values      127149
                                              OBSERVATION
                                    113      115        0        2        0        0        0        0 |       230
                                    624    10074     1871      161       35        8        1        0 |     12774
                                     58     7716    13703     2916      738      278       52        0 |     25461
                     MNWC2-ref        8      807     7564     7319     3405     1412      251        0 |     20766
                                      1      241     2385     5876     7626     4998     1261        0 |     22388
                                      0      118      926     2546     7218    13664     5241        0 |     29713
                                      0       13       78      277     1447     7316     6568        0 |     15699
                                      0        0        0        0        2       20       96        0 |       118

                    SUM             804    19084    26527    19097    20471    27696    13470        0 |    127149
                                              OBSERVATION
                                    123      120        0        2        0        0        0        0 |       245
                                    613     9869     1839      161       34        9        3        0 |     12528
                                     59     7776    13499     2827      684      254       40        0 |     25139
                  MNWC2-Bscale        8      912     7621     7091     3287     1366      251        0 |     20536
                                      1      248     2521     6028     7614     4898     1228        0 |     22538
                                      0      150      962     2684     7390    13690     5162        0 |     30038
                                      0        9       85      304     1460     7471     6698        0 |     16027
                                      0        0        0        0        2        8       88        0 |        98

                    SUM             804    19084    26527    19097    20471    27696    13470        0 |    127149
                                              OBSERVATION
                                    143      125        1        1        0        0        0        0 |       270
                                    594    11192     2311      192       43       13        4        0 |     14349
                                     57     6813    14515     3435      898      341       42        0 |     26101
                 MNWC2-Bs-mix1        8      679     6893     7558     3860     1612      311        0 |     20921
                                      2      181     2023     5531     7661     5382     1304        0 |     22084
                                      0       85      734     2189     6750    13401     5422        0 |     28581
                                      0        9       50      191     1255     6932     6303        0 |     14740
                                      0        0        0        0        4       15       84        0 |       103

                    SUM             804    19084    26527    19097    20471    27696    13470        0 |    127149
                                              OBSERVATION
                                    136      158        1        2        0        1        0        0 |       298
                                    591    11919     3080      236       65       25        2        0 |     15918
                                     65     6148    14723     4109     1157      417       52        0 |     26671
                  MNWC-Bs-mix2        8      598     6285     7400     4229     1850      341        0 |     20711
                                      4      183     1737     5149     7722     5739     1667        0 |     22201
                                      0       73      639     2027     6153    13358     5492        0 |     27742
                                      0        5       62      174     1140     6297     5855        0 |     13533
                                      0        0        0        0        5        9       61        0 |        75

                    SUM             804    19084    26527    19097    20471    27696    13470        0 |    127149

