 <pre>

 Contingency table for Visibility (m)
 Selection: Norrland     68 stations
Period: 20240601-20240630
Used {00,03,...,21} + 00 01 ... 12
 Limits    200.000000       500.000000       1000.00000       3000.00000       5000.00000       10000.0000       20000.0000       40000.0000    
 Each class is data <= limit, the very last > last limit
 Total number of values      208591
                                                       OBSERVATION
                                     39       39       18       29       18       85      123      119      238 |       708
                                     50       71       36       51       41      114      178      180      284 |      1005
                                     35       37       22       34       49       89      123      120      194 |       703
                                    107       74       81      127      144      321      460      457      785 |      2556
                     MNWC2-ref       61       58       42      136      224      657      905      819     1203 |      4105
                                    116      107       72      215      310     1214     2121     2338     3865 |     10358
                                    289      253      181      472      472     1595     3873     8253    19120 |     34508
                                    104      108       91      256      295      923     2873    18326    50851 |     73827
                                     56       89       71      196      155      459     1676    22190    55929 |     80821

                    SUM             857      836      614     1516     1708     5457    12332    52802   132469 |    208591
                                                       OBSERVATION
                                     55       37       22       32       12       80      103      138      259 |       738
                                     67       63       28       45       36      131      166      187      309 |      1032
                                     30       46       20       42       39       96      106      113      221 |       713
                                     97       67       79      122      158      313      494      490      832 |      2652
                  MNWC2-Bscale       71       62       56      132      205      633      884      846     1260 |      4149
                                    112       96       66      187      329     1173     2070     2349     3962 |     10344
                                    264      269      187      479      471     1663     3905     8301    19363 |     34902
                                    105      116       76      267      297      898     2961    18105    50595 |     73420
                                     56       80       80      210      161      470     1643    22273    55668 |     80641

                    SUM             857      836      614     1516     1708     5457    12332    52802   132469 |    208591
                                                       OBSERVATION
                                     55       60       35       69       19       86      110      124      224 |       782
                                     74       67       44       45       28      119      153      162      259 |       951
                                     26       37       19       34       24       96      120      121      210 |       687
                                     89       74       71      102      146      312      461      380      730 |      2365
                 MNWC2-Bs-mix1       53       64       50      128      207      603      804      683     1136 |      3728
                                     95       98       57      199      343     1131     1917     1980     3242 |      9062
                                    307      245      180      454      459     1647     3875     8060    17347 |     32574
                                    109      115       83      289      314      960     3106    17668    49590 |     72234
                                     49       76       75      196      168      503     1786    23624    59731 |     86208

                    SUM             857      836      614     1516     1708     5457    12332    52802   132469 |    208591
                                                       OBSERVATION
                                     58       52       46       48       25       95      106      118      171 |       719
                                     69       63       48       65       37      107      164      183      295 |      1031
                                     40       43       18       39       30       85      103      135      178 |       671
                                     80       77       52       94      126      266      390      387      609 |      2081
                  MNWC-Bs-mix2       75       56       47      108      212      589      713      675      954 |      3429
                                     88       94       56      187      334     1075     1865     1865     2930 |      8494
                                    295      261      183      504      457     1645     3871     7777    16124 |     31117
                                    108      102       88      257      309     1034     3239    17292    48404 |     70833
                                     44       88       76      214      178      561     1881    24370    62804 |     90216

                    SUM             857      836      614     1516     1708     5457    12332    52802   132469 |    208591

