 <pre>

 Contingency table for clouds <7500m (octas)
 Selection: SwedenCoast     21 stations
Period: 20240601-20240630
Used {00,03,...,21} + 01 02 ... 12
 Limits    1.00000000       2.00000000       3.00000000       4.00000000       5.00000000       6.00000000       7.00000000    
 Each class is data <= limit, the very last > last limit
 Total number of values       59706
                                              OBSERVATION
                                  24350      870      790      570      666      499      498     1779 |     30022
                                   2017      177      205      150      186      119      157      428 |      3439
                                   1528      156      188      116      165      123      134      439 |      2849
                     MNWC2-ref     1419      158      190      145      171      115      175      496 |      2869
                                   1128      130      205      132      179      133      174      506 |      2587
                                   1074      144      221      141      176      161      225      666 |      2808
                                   1238      145      314      166      307      232      371     1005 |      3778
                                   2329      353      641      348      925      635     1078     5045 |     11354

                    SUM           35083     2133     2754     1768     2775     2017     2812    10364 |     59706
                                              OBSERVATION
                                  24382      854      789      569      656      487      475     1806 |     30018
                                   2019      194      215      139      170      127      156      416 |      3436
                                   1580      154      178      139      163      125      143      415 |      2897
                  MNWC2-Bscale     1385      171      189      157      165      131      143      489 |      2830
                                   1154      146      194      127      170      133      174      517 |      2615
                                   1084      120      230      128      208      119      272      669 |      2830
                                   1278      167      299      175      317      244      382     1013 |      3875
                                   2201      327      660      334      926      651     1067     5039 |     11205

                    SUM           35083     2133     2754     1768     2775     2017     2812    10364 |     59706
                                              OBSERVATION
                                  25666      965      957      641      732      570      559     1941 |     32031
                                   1818      175      216      138      212      108      165      461 |      3293
                                   1401      152      177      129      144      124      153      406 |      2686
                 MNWC2-Bs-mix1     1185      152      189      148      152      135      190      483 |      2634
                                   1021      142      180      112      171      139      200      570 |      2535
                                    905      110      186      143      199      137      215      587 |      2482
                                   1067      172      296      152      352      230      364      990 |      3623
                                   2020      265      553      305      813      574      966     4926 |     10422

                    SUM           35083     2133     2754     1768     2775     2017     2812    10364 |     59706
                                              OBSERVATION
                                  25710      992      986      660      758      575      537     1769 |     31987
                                   1809      156      196      132      171      136      197      459 |      3256
                                   1389      146      164      132      159      117      156      364 |      2627
                  MNWC-Bs-mix2     1185      147      193      121      154      122      189      450 |      2561
                                   1045      123      205      126      178      135      157      481 |      2450
                                    999      120      182      125      222      163      244      611 |      2666
                                   1040      176      273      161      306      193      368      972 |      3489
                                   1906      273      555      311      827      576      964     5258 |     10670

                    SUM           35083     2133     2754     1768     2775     2017     2812    10364 |     59706

