 <pre>

 Contingency table for Cloud base (m)
 Selection: Gotaland     43 stations
Period: 20240601-20240630
Used {00,03,...,21} + 01 02 ... 12
 Limits    70.0000000       150.000000       300.000000       600.000000       1000.00000       1500.00000       2500.00000       5000.00000    
 Each class is data <= limit, the very last > last limit
 Total number of values      105487
                                                       OBSERVATION
                                    202      152       60       11        5        6       17       24      215 |       692
                                    135      253      175       19        3        9        2        8       22 |       626
                                    107      393      675      157       64       42       34       11       48 |      1531
                                    118      266      950     1731      694      256      133       50      313 |      4511
                     MNWC2-ref       85      180      466     1350     2681     1111      560      171     1130 |      7734
                                     89      127      319      683     1852     3708     1917      516     2252 |     11463
                                    140      159      278      504      669     2540     4402     1546     3295 |     13533
                                    125       89      194      336      474      867     1765     2515     1690 |      8055
                                    668      433     1063     2181     2778     3689     4760     4249    37521 |     57342

                    SUM            1669     2052     4180     6972     9220    12228    13590     9090    46486 |    105487
                                                       OBSERVATION
                                    238      163       50       13       15        6       21       17      231 |       754
                                    129      249      172       21        6        5        5        5       22 |       614
                                    103      376      615      186       56       40       34        8       47 |      1465
                                     97      275     1022     1727      746      224      124       62      326 |      4603
                  MNWC2-Bscale      100      163      460     1372     2777     1090      631      176     1202 |      7971
                                     88      124      292      607     1799     3690     1861      512     2181 |     11154
                                    140      146      324      492      634     2599     4394     1583     3276 |     13588
                                    104      104      178      320      477      879     1742     2523     1643 |      7970
                                    670      452     1067     2234     2710     3695     4778     4204    37558 |     57368

                    SUM            1669     2052     4180     6972     9220    12228    13590     9090    46486 |    105487
                                                       OBSERVATION
                                    264      158       57       14       15        3       11       21      194 |       737
                                    119      220      165       22        1        5        3        4       29 |       568
                                    130      374      544      128       38       28       18       10       43 |      1313
                                    105      280      985     1666      690      217      125       50      267 |      4385
                 MNWC2-Bs-mix1       93      173      512     1408     2640      939      542      142      955 |      7404
                                     79      124      355      672     1937     3661     1731      453     1882 |     10894
                                     90      164      307      504      630     2599     4427     1358     2718 |     12797
                                     88       82      181      301      464      859     1602     2171     1338 |      7086
                                    701      477     1074     2257     2805     3917     5131     4881    39060 |     60303

                    SUM            1669     2052     4180     6972     9220    12228    13590     9090    46486 |    105487
                                                       OBSERVATION
                                    269      178       55       13       17        5       18       19      204 |       778
                                    127      293      178       22       11        4       11        2       24 |       672
                                    138      365      668      160       66       40       26        8       75 |      1546
                                    108      251     1099     1901      597      243      147       73      359 |      4778
                  MNWC-Bs-mix2       88      180      441     1491     2827      942      524      144     1036 |      7673
                                     83      143      335      655     1997     3613     1779      496     1849 |     10950
                                     67      122      260      417      579     2555     4237     1364     2676 |     12277
                                     94       74      171      289      394      822     1577     2259     1453 |      7133
                                    695      446      973     2024     2732     4004     5271     4725    38810 |     59680

                    SUM            1669     2052     4180     6972     9220    12228    13590     9090    46486 |    105487

