 <pre>

 Contingency table for clouds <7500m (octas)
 Selection: Gotaland     38 stations
Period: 20240601-20240630
Used {00,03,...,21} + 01 02 ... 12
 Limits    1.00000000       2.00000000       3.00000000       4.00000000       5.00000000       6.00000000       7.00000000    
 Each class is data <= limit, the very last > last limit
 Total number of values      107242
                                              OBSERVATION
                                  34509     1923     1620     1349     1265     1050     1467     2261 |     45444
                                   3033      401      426      403      394      352      533      665 |      6207
                                   2312      353      419      323      378      395      510      695 |      5385
                     MNWC2-ref     2317      351      450      408      443      399      646      867 |      5881
                                   1888      345      418      388      476      425      720      952 |      5612
                                   1803      287      424      348      478      473      885     1344 |      6042
                                   2144      384      606      459      698      609     1327     2152 |      8379
                                   3950      631     1056      896     1649     1479     3321    11310 |     24292

                    SUM           51956     4675     5419     4574     5781     5182     9409    20246 |    107242
                                              OBSERVATION
                                  34633     1920     1696     1359     1311     1076     1473     2296 |     45764
                                   2974      388      403      365      385      349      504      700 |      6068
                                   2342      322      368      334      366      363      511      677 |      5283
                  MNWC2-Bscale     2215      352      477      420      419      412      584      819 |      5698
                                   1870      322      422      365      455      386      715      989 |      5524
                                   1789      316      412      357      482      435      885     1273 |      5949
                                   2189      426      576      488      713      690     1352     2238 |      8672
                                   3944      629     1065      886     1650     1471     3385    11254 |     24284

                    SUM           51956     4675     5419     4574     5781     5182     9409    20246 |    107242
                                              OBSERVATION
                                  36547     2134     1840     1561     1459     1279     1664     2433 |     48917
                                   2880      382      418      362      375      350      556      752 |      6075
                                   2129      366      430      358      400      345      546      744 |      5318
                 MNWC2-Bs-mix1     2028      321      434      390      461      398      621      835 |      5488
                                   1651      297      418      358      420      401      697     1041 |      5283
                                   1570      270      422      345      484      450      878     1334 |      5753
                                   1759      343      553      447      748      649     1279     2175 |      7953
                                   3392      562      904      753     1434     1310     3168    10932 |     22455

                    SUM           51956     4675     5419     4574     5781     5182     9409    20246 |    107242
                                              OBSERVATION
                                  36537     2113     1880     1563     1434     1213     1556     2380 |     48676
                                   2743      352      418      345      383      358      576      750 |      5925
                                   2165      344      399      355      384      340      536      724 |      5247
                  MNWC-Bs-mix2     1906      345      437      394      479      400      631      828 |      5420
                                   1737      307      418      356      465      401      751     1040 |      5475
                                   1599      274      403      365      512      524      961     1287 |      5925
                                   1869      349      555      456      709      668     1396     2221 |      8223
                                   3400      591      909      740     1415     1278     3002    11016 |     22351

                    SUM           51956     4675     5419     4574     5781     5182     9409    20246 |    107242

