 <pre>

 Contingency table for Rh2m (%)
 Selection: ALL   1067 stations
Period: 20240601-20240630
Used {00,03,...,21} + 00 01 ... 12
 Limits    30.0000000       50.0000000       65.0000000       75.0000000       85.0000000       95.0000000       100.000000    
 Each class is data <= limit, the very last > last limit
 Total number of values     2944765
                                              OBSERVATION
                                   1262     7231      223       71        4        2        0        0 |      8793
                                   5558   203138    79775     8806     2981     1365      282        0 |    301905
                                    869    92140   302704   113741    35382    13461     2902        0 |    561199
                     MNWC2-ref       84    12136   122607   222834   133562    42084     8727        0 |    542034
                                     15     3716    38337   124318   265117   155668    29947        0 |    617118
                                      5     1389    13241    39318   144480   334270   122678        0 |    655381
                                     17      124     1582     5189    21447    93425   130843        0 |    252627
                                      0        0        6       65      309     1240     4088        0 |      5708

                    SUM            7810   319874   558475   514342   603282   641515   299467        0 |   2944765
                                              OBSERVATION
                                   1254     7319      199       50        4        0        0        0 |      8826
                                   5539   202586    81759     8880     3012     1326      263        0 |    303365
                                    893    91877   299411   115330    35761    13277     2852        0 |    559401
                  MNWC2-Bscale       89    12776   122544   219964   133871    42032     8761        0 |    540037
                                     12     3775    39746   124512   263827   156225    29939        0 |    618036
                                      7     1419    13211    40322   144555   333216   122222        0 |    654952
                                     16      122     1589     5209    21963    94179   131295        0 |    254373
                                      0        0       16       75      289     1260     4135        0 |      5775

                    SUM            7810   319874   558475   514342   603282   641515   299467        0 |   2944765
                                              OBSERVATION
                                   1664    10832      446      118       10        8        0        0 |     13078
                                   5326   217985   104104    12145     3965     1931      456        0 |    345912
                                    721    77653   304571   132050    43225    16283     3821        0 |    578324
                 MNWC2-Bs-mix1       65     9589   106794   219932   144081    47459    10313        0 |    538233
                                     12     2742    31481   113307   262108   162486    32509        0 |    604645
                                      5      998    10003    32865   131753   327256   124178        0 |    627058
                                     17       75     1072     3862    17878    85007   124544        0 |    232455
                                      0        0        4       63      262     1085     3646        0 |      5060

                    SUM            7810   319874   558475   514342   603282   641515   299467        0 |   2944765
                                              OBSERVATION
                                   1833    12046      389       61        7        5        0        0 |     14341
                                   5174   224894   111575    12456     4019     1788      299        0 |    360205
                                    703    71538   307510   135287    43309    16132     3459        0 |    577938
                  MNWC-Bs-mix2       59     8218   101301   221650   146428    48421    10251        0 |    536328
                                     18     2315    28235   111161   264202   164653    33585        0 |    604169
                                      5      806     8573    30192   129014   328398   126040        0 |    623028
                                     17       57      888     3474    16045    80968   122438        0 |    223887
                                      1        0        4       61      258     1150     3395        0 |      4869

                    SUM            7810   319874   558475   514342   603282   641515   299467        0 |   2944765

