 <pre>

 Contingency table for Cloud base (m)
 Selection: Norrland     44 stations
Period: 20240601-20240630
Used {00,03,...,21} + 01 02 ... 12
 Limits    70.0000000       150.000000       300.000000       600.000000       1000.00000       1500.00000       2500.00000       5000.00000    
 Each class is data <= limit, the very last > last limit
 Total number of values      107925
                                                       OBSERVATION
                                    279      285      184       89       39       16      100       54      298 |      1344
                                    115      292      291      215      108       47       36        9       42 |      1155
                                     91      250      726      623      288      141       89       28       82 |      2318
                                     50      185      690     1392      959      513      294       96      294 |      4473
                     MNWC2-ref       59      176      336      899     1503     1568      676      317      691 |      6225
                                    121      140      349      616      965     3860     3016      962     1887 |     11916
                                    231      179      334      459      582     2195     6945     3042     3391 |     17358
                                     71      106      227      351      282      825     2049     3538     1445 |      8894
                                    963      619      946     1071     1032     3631     6575     7460    31945 |     54242

                    SUM            1980     2232     4083     5715     5758    12796    19780    15506    40075 |    107925
                                                       OBSERVATION
                                    286      275      216      121       33       24       84       65      278 |      1382
                                    100      290      295      237      117       50       39       15       42 |      1185
                                     86      207      690      596      333      146       99       26      101 |      2284
                                     59      200      683     1459      956      477      284       80      340 |      4538
                  MNWC2-Bscale       69      173      390      838     1462     1573      707      325      677 |      6214
                                    122      156      345      601      926     3814     3047     1021     1868 |     11900
                                    220      196      297      449      583     2257     6963     3034     3308 |     17307
                                     68      115      233      320      307      865     1984     3487     1420 |      8799
                                    970      620      934     1094     1041     3590     6573     7453    32041 |     54316

                    SUM            1980     2232     4083     5715     5758    12796    19780    15506    40075 |    107925
                                                       OBSERVATION
                                    341      272      206      115       34       28       86       50      294 |      1426
                                     94      251      288      222       99       32       31        5       38 |      1060
                                     82      222      635      520      250      120       63       16       81 |      1989
                                     67      208      679     1455      899      430      218       54      265 |      4275
                 MNWC2-Bs-mix1       61      162      394      829     1422     1421      563      296      638 |      5786
                                    105      161      362      587      981     3809     2561      849     1523 |     10938
                                    180      221      332      419      588     2269     6976     2790     2931 |     16706
                                     57       98      205      340      282      827     1973     3327     1278 |      8387
                                    993      637      982     1228     1203     3860     7309     8119    33027 |     57358

                    SUM            1980     2232     4083     5715     5758    12796    19780    15506    40075 |    107925
                                                       OBSERVATION
                                    360      323      231      114       34       36      106       67      279 |      1550
                                    156      306      321      228       68       30       17       12       48 |      1186
                                     96      294      749      585      228      108       57       27       90 |      2234
                                     69      209      738     1453      973      400      198       66      312 |      4418
                  MNWC-Bs-mix2       58      150      368      877     1349     1302      502      235      512 |      5353
                                    103      123      349      591      950     3508     2220      784     1465 |     10093
                                    150      191      311      379      643     2463     6734     2775     3104 |     16750
                                     54       94      198      334      311      905     2153     3253     1314 |      8616
                                    934      542      818     1154     1202     4044     7793     8287    32951 |     57725

                    SUM            1980     2232     4083     5715     5758    12796    19780    15506    40075 |    107925

