 <pre>

 Contingency table for Cloud base (m)
 Selection: Sweden    127 stations
Period: 20240601-20240630
Used {00,03,...,21} + 01 02 ... 12
 Limits    70.0000000       150.000000       300.000000       600.000000       1000.00000       1500.00000       2500.00000       5000.00000    
 Each class is data <= limit, the very last > last limit
 Total number of values      309990
                                                       OBSERVATION
                                    655      547      316      102       45       30      150      119      714 |      2678
                                    285      682      571      260      109       54       46       25       83 |      2115
                                    243      930     1973      983      424      226      148       50      194 |      5171
                                    197      579     2226     4222     2283     1024      579      198      799 |     12107
                     MNWC2-ref      170      437     1087     3012     5763     3620     1723      660     2339 |     18811
                                    299      374      956     1732     3893    10982     7338     2121     5323 |     33018
                                    499      463      842     1343     1770     6867    17091     6958     9547 |     45380
                                    315      254      550      940     1075     2488     6067     9932     4569 |     26190
                                   2086     1376     2588     4135     5292    10530    17564    16788   104161 |    164520

                    SUM            4749     5642    11109    16729    20654    35821    50706    36851   127729 |    309990
                                                       OBSERVATION
                                    718      553      314      131       54       39      145      124      751 |      2829
                                    269      689      563      287      117       47       55       23       79 |      2129
                                    232      850     1909      994      455      228      156       51      211 |      5086
                                    192      621     2294     4325     2292      976      563      216      857 |     12336
                  MNWC2-Bscale      199      424     1140     2970     5827     3693     1870      683     2410 |     19216
                                    285      399      924     1620     3792    10804     7415     2192     5199 |     32630
                                    513      455      854     1272     1745     6965    16942     6935     9375 |     45056
                                    271      273      547      920     1084     2540     5886     9717     4395 |     25633
                                   2070     1378     2564     4210     5288    10529    17674    16910   104452 |    165075

                    SUM            4749     5642    11109    16729    20654    35821    50706    36851   127729 |    309990
                                                       OBSERVATION
                                    816      573      318      134       51       43      140      121      748 |      2944
                                    256      602      556      270       98       37       38       13       82 |      1952
                                    242      853     1716      823      338      182       90       37      171 |      4452
                                    197      622     2254     4169     2075      870      451      161      693 |     11492
                 MNWC2-Bs-mix1      185      418     1180     3062     5611     3151     1543      541     2018 |     17709
                                    256      388     1029     1658     4035    10788     6301     1876     4328 |     30659
                                    400      497      859     1256     1753     7074    17100     6105     8035 |     43079
                                    242      238      540      930     1068     2459     5703     9160     3602 |     23942
                                   2155     1451     2657     4427     5625    11217    19340    18837   108052 |    173761

                    SUM            4749     5642    11109    16729    20654    35821    50706    36851   127729 |    309990
                                                       OBSERVATION
                                    814      639      355      131       54       55      182      126      716 |      3072
                                    320      725      612      290       78       43       39       19       89 |      2215
                                    283      909     1947      864      323      178       96       46      223 |      4869
                                    212      644     2477     4425     2006      868      444      192      848 |     12116
                  MNWC-Bs-mix2      165      426     1090     3235     5800     3085     1418      499     1939 |     17657
                                    253      349      988     1683     4095    10264     5910     1783     4119 |     29444
                                    344      434      791     1140     1748     7259    16438     6080     8185 |     42419
                                    260      222      510      879     1044     2499     5850     9329     3898 |     24491
                                   2098     1294     2339     4082     5506    11570    20329    18777   107712 |    173707

                    SUM            4749     5642    11109    16729    20654    35821    50706    36851   127729 |    309990

