 <pre>

 Contingency table for clouds <7500m (octas)
 Selection: METCOOPCity     10 stations
Period: 20240601-20240630
Used {00,03,...,21} + 01 02 ... 12
 Limits    1.00000000       2.00000000       3.00000000       4.00000000       5.00000000       6.00000000       7.00000000    
 Each class is data <= limit, the very last > last limit
 Total number of values       28492
                                              OBSERVATION
                                  11185      519      497      342      347      258      767      226 |     14141
                                    648      129      121       82       91       98      288       70 |      1527
                                    548       90      141      104      103      114      299       67 |      1466
                     MNWC2-ref      472      135      109      102      135      111      371       99 |      1534
                                    408      108      108      101       99      102      375      120 |      1421
                                    355       93      103       82      123      111      385      154 |      1406
                                    407       93      123      105      175      133      652      297 |      1985
                                    492      125      183      135      285      299     1735     1758 |      5012

                    SUM           14515     1292     1385     1053     1358     1226     4872     2791 |     28492
                                              OBSERVATION
                                  11228      555      494      335      339      293      755      236 |     14235
                                    679      111      105       94      105       93      295       86 |      1568
                                    574      128      127       85      104       98      287       81 |      1484
                  MNWC2-Bscale      456      117      124      111      123      106      373       93 |      1503
                                    385       87      128       95      120       98      359      128 |      1400
                                    357       89      113       79      129       93      398      141 |      1399
                                    394       95      123      119      165      150      657      263 |      1966
                                    442      110      171      135      273      295     1748     1763 |      4937

                    SUM           14515     1292     1385     1053     1358     1226     4872     2791 |     28492
                                              OBSERVATION
                                  11868      585      575      386      404      351      909      268 |     15346
                                    584      121      117       89       96       90      317       80 |      1494
                                    465      109      123      111       94       91      310      108 |      1411
                 MNWC2-Bs-mix1      411      130      128       99      143      113      360      117 |      1501
                                    311      108      101       82      137      111      385      134 |      1369
                                    284       77      112       74      108      104      419      160 |      1338
                                    281       81      104       90      156      120      626      287 |      1745
                                    311       81      125      122      220      246     1546     1637 |      4288

                    SUM           14515     1292     1385     1053     1358     1226     4872     2791 |     28492
                                              OBSERVATION
                                  11754      577      608      395      394      319      929      225 |     15201
                                    576      105      105       81      128      100      328       85 |      1508
                                    452      107       84       92      115       97      311       83 |      1341
                  MNWC-Bs-mix2      430      119      130       94      146      120      347      102 |      1488
                                    345      102      116       89       98      103      366      146 |      1365
                                    301       91       97       95      128      100      459      168 |      1439
                                    341      106      110      104      134      126      628      300 |      1849
                                    316       85      135      103      215      261     1504     1682 |      4301

                    SUM           14515     1292     1385     1053     1358     1226     4872     2791 |     28492

