 <pre>

 Contingency table for Visibility (m)
 Selection: METCOOPMountain     14 stations
Period: 20240601-20240630
Used {00,03,...,21} + 00 01 ... 12
 Limits    200.000000       500.000000       1000.00000       3000.00000       5000.00000       10000.0000       20000.0000       40000.0000    
 Each class is data <= limit, the very last > last limit
 Total number of values       40324
                                                       OBSERVATION
                                      6        3        5        3        3       14       18       16       50 |       118
                                     13       25        5        7       10       37       64       46       64 |       271
                                     12        5        6        6       14       32       36       43       66 |       220
                                     30        9       12       24       24       81      138      154      225 |       697
                     MNWC2-ref       24        4        9       22       42      167      271      188      350 |      1077
                                     49       16        9       38       72      322      597      615     1126 |      2844
                                    108       32       40       63      106      345      961     2017     5649 |      9321
                                     27        8       15       21       58      169      519     3430    10855 |     15102
                                     15        6        8       13       20       53      235     2640     7684 |     10674

                    SUM             284      108      109      197      349     1220     2839     9149    26069 |     40324
                                                       OBSERVATION
                                      7        2        4        0        0        9       22       28       47 |       119
                                     16       14       11       11       11       46       50       58       83 |       300
                                      7       11        5        7       15       43       36       37       65 |       226
                                     37        7        9       20       30       72      174      154      239 |       742
                  MNWC2-Bscale       30       12        9       27       40      147      293      191      322 |      1071
                                     50       13       11       35       67      304      599      614     1160 |      2853
                                     90       33       38       67      101      377      935     2043     5659 |      9343
                                     32        8       15       15       63      171      495     3455    10935 |     15189
                                     15        8        7       15       22       51      235     2569     7559 |     10481

                    SUM             284      108      109      197      349     1220     2839     9149    26069 |     40324
                                                       OBSERVATION
                                      6        0        4        1        4       19       25       16       60 |       135
                                     17       13       10        9       15       35       41       42       73 |       255
                                      8       11        3       10       10       36       39       41       73 |       231
                                     22       11        9       21       32       71      152      133      205 |       656
                 MNWC2-Bs-mix1       22        8       11       26       43      167      243      175      330 |      1025
                                     40       14       12       32       75      326      579      596     1051 |      2725
                                    127       38       36       67       96      316      959     1979     5290 |      8908
                                     28        7       16       16       54      193      541     3333    10980 |     15168
                                     14        6        8       15       20       57      260     2834     8007 |     11221

                    SUM             284      108      109      197      349     1220     2839     9149    26069 |     40324
                                                       OBSERVATION
                                      6        3        4        0        2       17       17        9       32 |        90
                                     19       11        5        9       16       32       37       41       78 |       248
                                     19        8        0       12       16       32       35       41       52 |       215
                                     29       13        7        8       22       70      105      105      167 |       526
                  MNWC-Bs-mix2       25        7        9       16       34      150      201      170      262 |       874
                                     42       15       14       37       72      285      579      529      881 |      2454
                                    111       35       40       75      104      364      962     1858     5036 |      8585
                                     23       11       20       22       63      203      626     3247    10840 |     15055
                                     10        5       10       18       20       67      277     3149     8721 |     12277

                    SUM             284      108      109      197      349     1220     2839     9149    26069 |     40324

