 <pre>

 Contingency table for Cloud base (m)
 Selection: METCOOPCoast     43 stations
Period: 20240601-20240630
Used {00,03,...,21} + 01 02 ... 12
 Limits    70.0000000       150.000000       300.000000       600.000000       1000.00000       1500.00000       2500.00000       5000.00000    
 Each class is data <= limit, the very last > last limit
 Total number of values       96589
                                                       OBSERVATION
                                    158      139       64        1        2        1       10       11      204 |       590
                                     38      106       56        2        2        3       11        3       20 |       241
                                     53      124      300       76       37       22       28        9       22 |       671
                                     58      145      527      580      185      129      136       62      171 |      1993
                     MNWC2-ref       62      125      363      580      673      310      250      122      542 |      3027
                                     97      126      376      421      692     1046     1149      299     1221 |      5427
                                    251      191      341      372      381      848     3668     1760     3035 |     10847
                                    218      132      251      277      283      404     2057     3515     1895 |      9032
                                   1097      696     1170     1215      926      865     3857     5333    49602 |     64761

                    SUM            2032     1784     3448     3524     3181     3628    11166    11114    56712 |     96589
                                                       OBSERVATION
                                    138      100       64       17        2        3       11       27      175 |       537
                                     49       98       76        6        0        6        3        4        9 |       251
                                     54      143      258       71       29       25       25       13       14 |       632
                                     60      138      524      589      206      121      110       57      157 |      1962
                  MNWC2-Bscale       61      125      361      565      718      354      286      122      536 |      3128
                                     83      103      385      394      619      983     1079      304     1167 |      5117
                                    274      210      352      377      398      875     3697     1757     2995 |     10935
                                    231      127      240      280      264      397     2024     3482     1897 |      8942
                                   1082      740     1188     1225      945      864     3931     5348    49762 |     65085

                    SUM            2032     1784     3448     3524     3181     3628    11166    11114    56712 |     96589
                                                       OBSERVATION
                                    265      149       80       13        0        0       10       16      244 |       777
                                     34       98       93        9        3        6        8        3       17 |       271
                                     66      114      231       73       28       15       13       11       23 |       574
                                     65      135      513      557      197      105       92       42      146 |      1852
                 MNWC2-Bs-mix1       70      130      344      554      682      306      199       85      429 |      2799
                                     67       96      366      391      654     1017      953      239      957 |      4740
                                    247      185      333      363      365      873     3537     1418     2300 |      9621
                                    192      130      249      263      282      367     1969     3249     1546 |      8247
                                   1026      747     1239     1301      970      939     4385     6051    51050 |     67708

                    SUM            2032     1784     3448     3524     3181     3628    11166    11114    56712 |     96589
                                                       OBSERVATION
                                    431      234      143       28       15        8       34       43      262 |      1198
                                     61      153      136       14        5        2       13        9       26 |       419
                                     67      149      312       76       36       27       22       13       35 |       737
                                     79      170      538      661      206      108      114       66      210 |      2152
                  MNWC-Bs-mix2       62      126      386      582      710      301      228      122      463 |      2980
                                     66       75      347      418      687     1007      936      269      872 |      4677
                                    211      157      278      321      370      861     3331     1414     2274 |      9217
                                    182      119      207      250      239      362     1885     3167     1557 |      7968
                                    873      601     1101     1174      913      952     4603     6011    51013 |     67241

                    SUM            2032     1784     3448     3524     3181     3628    11166    11114    56712 |     96589

