 <pre>

 Contingency table for Low clouds (octas)
 Selection: Sweden    126 stations
Period: 20240601-20240630
Used {00,03,...,21} + 01 02 ... 12
 Limits    1.00000000       2.00000000       3.00000000       4.00000000       5.00000000       6.00000000       7.00000000    
 Each class is data <= limit, the very last > last limit
 Total number of values      322810
                                              OBSERVATION
                                 151270     7257     4990     4086     3034     2967     3047     6839 |    183490
                                  10513     1534     1162     1019      724      705      800     1406 |     17863
                                   6794     1261      989      813      589      633      612     1112 |     12803
                     MNWC2-ref     5853     1267      961      857      638      583      651     1045 |     11855
                                   5031     1293     1079      933      686      637      641     1126 |     11426
                                   4851     1440     1131      968      745      680      786     1325 |     11926
                                   5508     1869     1505     1357     1004      955     1099     2028 |     15325
                                  12262     6831     5758     5285     4061     4267     5144    14514 |     58122

                    SUM          202082    22752    17575    15318    11481    11427    12780    29395 |    322810
                                              OBSERVATION
                                 151245     7404     4935     4014     2966     2931     3038     6742 |    183275
                                  10247     1504     1224     1038      771      703      805     1552 |     17844
                                   6883     1243     1017      836      634      575      610     1099 |     12897
                  MNWC2-Bscale     5888     1304     1023      871      620      602      629     1063 |     12000
                                   5070     1327     1007      895      668      648      658     1078 |     11351
                                   4750     1390     1141      970      661      720      772     1368 |     11772
                                   5635     1838     1510     1413      944     1002     1060     1980 |     15382
                                  12364     6742     5718     5281     4217     4246     5208    14513 |     58289

                    SUM          202082    22752    17575    15318    11481    11427    12780    29395 |    322810
                                              OBSERVATION
                                 157783     7889     5392     4469     3231     3192     3235     6958 |    192149
                                   9199     1544     1218     1039      749      737      829     1474 |     16789
                                   6147     1201      994      852      618      592      687     1158 |     12249
                 MNWC2-Bs-mix1     5213     1232     1015      868      654      627      660     1120 |     11389
                                   4458     1303     1048      899      650      607      644     1200 |     10809
                                   4154     1431     1115     1016      735      780      814     1421 |     11466
                                   4889     1819     1474     1258     1010      943     1057     1999 |     14449
                                  10239     6333     5319     4917     3834     3949     4854    14065 |     53510

                    SUM          202082    22752    17575    15318    11481    11427    12780    29395 |    322810
                                              OBSERVATION
                                 159351     7996     5623     4525     3248     3136     3269     6661 |    193809
                                   8825     1524     1179      994      758      735      780     1429 |     16224
                                   5638     1254      978      782      619      623      614     1086 |     11594
                  MNWC-Bs-mix2     5006     1269      951      886      631      616      660     1057 |     11076
                                   4258     1300     1037      862      652      600      651     1150 |     10510
                                   4210     1370     1058     1008      753      723      791     1322 |     11235
                                   4664     1839     1474     1318      968      967     1108     2078 |     14416
                                  10130     6200     5275     4943     3852     4027     4907    14612 |     53946

                    SUM          202082    22752    17575    15318    11481    11427    12780    29395 |    322810

