 <pre>

 Contingency table for Low clouds (octas)
 Selection: FinlandNorth     19 stations
Period: 20240601-20240630
Used {00,03,...,21} + 01 02 ... 12
 Limits    1.00000000       2.00000000       3.00000000       4.00000000       5.00000000       6.00000000       7.00000000    
 Each class is data <= limit, the very last > last limit
 Total number of values       47179
                                              OBSERVATION
                                  16254      428      789      260      496      235      787      645 |     19894
                                   1630      115      230       73      143       76      287      248 |      2802
                                   1087       90      160       51      147       56      271      233 |      2095
                     MNWC2-ref      989       74      162       52      141       50      288      225 |      1981
                                    891       92      163       74      153       48      323      248 |      1992
                                    909       99      188       65      188       73      366      310 |      2198
                                   1174      121      252       87      253       98      608      565 |      3158
                                   2689      306      714      256      889      346     3132     4727 |     13059

                    SUM           25623     1325     2658      918     2410      982     6062     7201 |     47179
                                              OBSERVATION
                                  16115      406      792      253      494      248      808      628 |     19744
                                   1722      122      205       73      169       67      274      241 |      2873
                                   1086       94      173       80      152       54      244      229 |      2112
                  MNWC2-Bscale     1013       94      157       53      140       50      270      246 |      2023
                                    899       89      168       61      158       59      316      243 |      1993
                                    868       98      193       63      178       51      382      321 |      2154
                                   1160      116      275       89      239      111      596      525 |      3111
                                   2760      306      695      246      880      342     3172     4768 |     13169

                    SUM           25623     1325     2658      918     2410      982     6062     7201 |     47179
                                              OBSERVATION
                                  17252      500      924      300      589      279      934      696 |     21474
                                   1575      133      227       70      165       73      299      287 |      2829
                                   1041       74      188       58      141       53      275      260 |      2090
                 MNWC2-Bs-mix1      923       83      161       57      169       55      316      269 |      2033
                                    823       88      162       61      156       55      336      251 |      1932
                                    826       81      182       61      161       68      426      336 |      2141
                                    991      120      247       85      245      103      626      548 |      2965
                                   2192      246      567      226      784      296     2850     4554 |     11715

                    SUM           25623     1325     2658      918     2410      982     6062     7201 |     47179
                                              OBSERVATION
                                  18308      566     1050      324      678      302     1105      791 |     23124
                                   1359      109      211       86      184       70      333      294 |      2646
                                    992       83      150       59      132       49      289      264 |      2018
                  MNWC-Bs-mix2      821       72      140       52      145       53      274      238 |      1795
                                    716       77      155       56      133       61      312      264 |      1774
                                    678       66      171       49      181       70      404      362 |      1981
                                    875       94      234       96      228       92      644      545 |      2808
                                   1874      258      547      196      729      285     2701     4443 |     11033

                    SUM           25623     1325     2658      918     2410      982     6062     7201 |     47179

