 <pre>

 Contingency table for Rh2m (%)
 Selection: FinlandNorth     35 stations
Period: 20240601-20240630
Used {00,03,...,21} + 00 01 ... 12
 Limits    30.0000000       50.0000000       65.0000000       75.0000000       85.0000000       95.0000000       100.000000    
 Each class is data <= limit, the very last > last limit
 Total number of values      105637
                                              OBSERVATION
                                     37       20        0        0        0        0        0        0 |        57
                                    604     5990      652      109       35        5        0        0 |      7395
                                    140     6545     8699     1950      663      374      109        0 |     18480
                     MNWC2-ref       13     1390     7354     5918     2582     1127      345        0 |     18729
                                      0      379     3097     5425     6646     4413     1697        0 |     21657
                                      0      150     1061     2552     5104     9836     6055        0 |     24758
                                      0       12      114      413     1090     4211     8327        0 |     14167
                                      0        0        0        1       10       41      342        0 |       394

                    SUM             794    14486    20977    16368    16130    20007    16875        0 |    105637
                                              OBSERVATION
                                     35       20        0        0        0        0        0        0 |        55
                                    618     5930      663      113       31       11        0        0 |      7366
                                    131     6486     8299     1907      677      371      107        0 |     17978
                  MNWC2-Bscale        9     1493     7448     5781     2590     1077      387        0 |     18785
                                      1      409     3283     5445     6415     4363     1675        0 |     21591
                                      0      135     1183     2684     5307     9725     5981        0 |     25015
                                      0       13      101      434     1102     4421     8378        0 |     14449
                                      0        0        0        4        8       39      347        0 |       398

                    SUM             794    14486    20977    16368    16130    20007    16875        0 |    105637
                                              OBSERVATION
                                     49       70        1        0        0        0        0        0 |       120
                                    659     7125     1094      193       71       47        6        0 |      9195
                                     82     5760     9921     2650      938      516      160        0 |     20027
                 MNWC2-Bs-mix1        4     1156     6768     6273     3119     1400      499        0 |     19219
                                      0      295     2353     4908     6612     4740     1869        0 |     20777
                                      0       76      760     2033     4567     9655     6180        0 |     23271
                                      0        4       80      310      820     3601     7868        0 |     12683
                                      0        0        0        1        3       48      293        0 |       345

                    SUM             794    14486    20977    16368    16130    20007    16875        0 |    105637
                                              OBSERVATION
                                     70      106        1        0        0        0        0        0 |       177
                                    643     7791     1355      233       95       54       10        0 |     10181
                                     74     5319    10887     3209     1105      632      216        0 |     21442
                  MNWC-Bs-mix2        5      978     6146     6511     3453     1686      623        0 |     19402
                                      2      219     1882     4498     6774     5180     2097        0 |     20652
                                      0       71      650     1659     4013     9350     6305        0 |     22048
                                      0        2       56      252      686     3064     7441        0 |     11501
                                      0        0        0        6        4       41      183        0 |       234

                    SUM             794    14486    20977    16368    16130    20007    16875        0 |    105637

