 <pre>

 Contingency table for Rh2m (%)
 Selection: NorwayMountain     18 stations
Period: 20240601-20240630
Used {00,03,...,21} + 00 01 ... 12
 Limits    30.0000000       50.0000000       65.0000000       75.0000000       85.0000000       95.0000000       100.000000    
 Each class is data <= limit, the very last > last limit
 Total number of values       44397
                                              OBSERVATION
                                      4        0        0        0        0        0        0        0 |         4
                                     84     1173      250       32        8        0        0        0 |      1547
                                    123     2176     2632      409      163       58        2        0 |      5563
                     MNWC2-ref       24      415     2869     1685      688      224       57        0 |      5962
                                      5       90     1311     2668     2314      961      348        0 |      7697
                                      1       23      438     1793     4208     4715     2468        0 |     13646
                                      1        0       55      239     1309     4312     3927        0 |      9843
                                      0        0        2        1       27       81       24        0 |       135

                    SUM             242     3877     7557     6827     8717    10351     6826        0 |     44397
                                              OBSERVATION
                                      3        0        0        0        0        0        0        0 |         3
                                     87     1113      231       32        7        0        0        0 |      1470
                                    120     2177     2581      406      151       43        1        0 |      5479
                  MNWC2-Bscale       28      473     2801     1639      669      229       46        0 |      5885
                                      2       92     1411     2698     2320      997      465        0 |      7985
                                      2       22      474     1812     4172     4642     2407        0 |     13531
                                      0        0       56      237     1374     4361     3885        0 |      9913
                                      0        0        3        3       24       79       22        0 |       131

                    SUM             242     3877     7557     6827     8717    10351     6826        0 |     44397
                                              OBSERVATION
                                      4        0        0        0        0        0        0        0 |         4
                                     93     1373      325       27        1        0        0        0 |      1819
                                    129     2053     2835      467      168       38        2        0 |      5692
                 MNWC2-Bs-mix1       12      333     2730     1772      748      241       54        0 |      5890
                                      2       87     1238     2666     2432     1031      473        0 |      7929
                                      2       31      381     1676     4066     4709     2424        0 |     13289
                                      0        0       48      219     1285     4259     3847        0 |      9658
                                      0        0        0        0       17       73       26        0 |       116

                    SUM             242     3877     7557     6827     8717    10351     6826        0 |     44397
                                              OBSERVATION
                                     11        2        0        0        0        0        0        0 |        13
                                     83     1496      425       50        6        0        0        0 |      2060
                                    130     1965     3001      530      178       26        4        0 |      5834
                  MNWC-Bs-mix2       14      312     2576     1879      762      245       76        0 |      5864
                                      2       93     1125     2577     2692     1117      460        0 |      8066
                                      2        9      393     1584     3913     4806     2463        0 |     13170
                                      0        0       37      206     1149     4079     3796        0 |      9267
                                      0        0        0        1       17       78       27        0 |       123

                    SUM             242     3877     7557     6827     8717    10351     6826        0 |     44397

