 <pre>

 Contingency table for Rh2m (%)
 Selection: Norway    226 stations
Period: 20240601-20240630
Used {00,03,...,21} + 00 01 ... 12
 Limits    30.0000000       50.0000000       65.0000000       75.0000000       85.0000000       95.0000000       100.000000    
 Each class is data <= limit, the very last > last limit
 Total number of values      660528
                                              OBSERVATION
                                    290      244        7        2        0        0        0        0 |       543
                                   1841    29736     5813      649      142       29        2        0 |     38212
                                    347    30469    57598    16732     4856     1452      245        0 |    111699
                     MNWC2-ref       44     3860    37013    47535    25912     8496     1667        0 |    124527
                                      6     1018    12424    35555    59272    35454     7108        0 |    150837
                                      1      378     3851    12489    41473    81776    27430        0 |    167398
                                      1       23      330     1397     7226    29090    28451        0 |     66518
                                      0        0        2        1       49      327      415        0 |       794

                    SUM            2530    65728   117038   114360   138930   156624    65318        0 |    660528
                                              OBSERVATION
                                    292      234        6        2        1        0        0        0 |       535
                                   1814    28557     5388      589      125       23        3        0 |     36499
                                    370    31063    56250    16055     4531     1295      215        0 |    109779
                  MNWC2-Bscale       46     4333    37707    46785    24890     8116     1518        0 |    123395
                                      5     1088    13353    36295    59316    34982     7036        0 |    152075
                                      3      429     3984    13210    42691    82224    27171        0 |    169712
                                      0       24      347     1419     7330    29682    28960        0 |     67762
                                      0        0        3        5       46      302      415        0 |       771

                    SUM            2530    65728   117038   114360   138930   156624    65318        0 |    660528
                                              OBSERVATION
                                    313      235        7        2        0        1        0        0 |       558
                                   1822    32521     6777      706      146       35        4        0 |     42011
                                    353    28425    60488    18367     5361     1464      267        0 |    114725
                 MNWC2-Bs-mix1       35     3326    35193    48241    27031     9226     1793        0 |    124845
                                      5      894    11169    34533    59827    36520     7324        0 |    150272
                                      2      314     3151    11361    40182    81442    27713        0 |    164165
                                      0       13      253     1150     6337    27610    27812        0 |     63175
                                      0        0        0        0       46      326      405        0 |       777

                    SUM            2530    65728   117038   114360   138930   156624    65318        0 |    660528
                                              OBSERVATION
                                    313      335        3        3        0        2        0        0 |       656
                                   1808    34733     8709      908      200       44        3        0 |     46405
                                    365    26617    61225    19311     5753     1623      297        0 |    115191
                  MNWC-Bs-mix2       31     2959    33408    48219    27071     9173     1862        0 |    122723
                                     10      826    10431    33854    60360    36215     7363        0 |    149059
                                      3      247     3031    11028    39627    82548    28092        0 |    164576
                                      0       11      231     1036     5885    26709    27272        0 |     61144
                                      0        0        0        1       34      310      429        0 |       774

                    SUM            2530    65728   117038   114360   138930   156624    65318        0 |    660528

