 <pre>

 Contingency table for Low clouds (octas)
 Selection: SwedenOpenLandWind     45 stations
Period: 20240601-20240630
Used {00,03,...,21} + 01 02 ... 12
 Limits    1.00000000       2.00000000       3.00000000       4.00000000       5.00000000       6.00000000       7.00000000    
 Each class is data <= limit, the very last > last limit
 Total number of values      121820
                                              OBSERVATION
                                  64570     2293     1414     1374     1002     1069     1152     2894 |     75768
                                   3904      475      321      337      218      225      275      462 |      6217
                                   2526      372      240      250      176      186      177      371 |      4298
                     MNWC2-ref     2223      339      244      248      189      162      198      351 |      3954
                                   1903      354      268      250      204      192      218      353 |      3742
                                   1850      416      310      254      241      206      255      429 |      3961
                                   2125      529      416      409      274      287      360      684 |      5084
                                   5153     1986     1624     1508     1108     1152     1647     4618 |     18796

                    SUM           84254     6764     4837     4630     3412     3479     4282    10162 |    121820
                                              OBSERVATION
                                  64607     2318     1416     1314      972     1038     1176     2807 |     75648
                                   3805      443      323      343      235      214      251      519 |      6133
                                   2628      379      259      250      188      173      201      359 |      4437
                  MNWC2-Bscale     2207      356      288      282      176      177      209      332 |      4027
                                   1871      366      259      246      181      227      201      355 |      3706
                                   1810      419      292      280      211      238      251      439 |      3940
                                   2196      566      414      392      271      284      346      658 |      5127
                                   5130     1917     1586     1523     1178     1128     1647     4693 |     18802

                    SUM           84254     6764     4837     4630     3412     3479     4282    10162 |    121820
                                              OBSERVATION
                                  66875     2439     1571     1452     1054     1112     1180     2766 |     78449
                                   3513      452      305      304      235      233      306      483 |      5831
                                   2402      352      254      253      199      169      234      387 |      4250
                 MNWC2-Bs-mix1     1931      351      247      236      192      176      193      349 |      3675
                                   1698      370      272      245      172      188      215      376 |      3536
                                   1544      416      286      268      208      245      277      466 |      3710
                                   1911      526      376      408      295      297      350      670 |      4833
                                   4380     1858     1526     1464     1057     1059     1527     4665 |     17536

                    SUM           84254     6764     4837     4630     3412     3479     4282    10162 |    121820
                                              OBSERVATION
                                  67638     2478     1627     1476     1070     1073     1261     2578 |     79201
                                   3376      452      296      297      231      229      251      474 |      5606
                                   2127      380      277      236      175      172      200      326 |      3893
                  MNWC-Bs-mix2     1897      361      229      254      187      199      216      363 |      3706
                                   1599      365      275      254      182      204      191      364 |      3434
                                   1668      404      277      256      225      215      265      422 |      3732
                                   1804      546      390      366      289      286      372      678 |      4731
                                   4145     1778     1466     1491     1053     1101     1526     4957 |     17517

                    SUM           84254     6764     4837     4630     3412     3479     4282    10162 |    121820

