 <pre>

 Contingency table for Rh2m (%)
 Selection: FinlandInlandWind     31 stations
Period: 20240601-20240630
Used {00,03,...,21} + 00 01 ... 12
 Limits    30.0000000       50.0000000       65.0000000       75.0000000       85.0000000       95.0000000       100.000000    
 Each class is data <= limit, the very last > last limit
 Total number of values       94119
                                              OBSERVATION
                                     60      169        5        0        0        0        0        0 |       234
                                    236     9687     2747      184       64       16        1        0 |     12935
                                     32     4204    12137     4035     1141      400       63        0 |     22012
                     MNWC2-ref        5      540     4280     6308     3667     1066      162        0 |     16028
                                      0      161     1514     3401     6286     4042      745        0 |     16149
                                      0       71      617     1421     3904     8400     3760        0 |     18173
                                      0        3       36      144      513     2538     5108        0 |      8342
                                      0        0        0        3        9       17      217        0 |       246

                    SUM             333    14835    21336    15496    15584    16479    10056        0 |     94119
                                              OBSERVATION
                                     64      213        5        0        0        0        0        0 |       282
                                    242     9915     3179      220       70       21        1        0 |     13648
                                     26     3925    11967     4363     1279      461       66        0 |     22087
                  MNWC2-Bscale        1      540     4055     6106     3775     1192      175        0 |     15844
                                      0      176     1518     3320     6168     4083      845        0 |     16110
                                      0       61      581     1339     3826     8321     3703        0 |     17831
                                      0        5       31      147      465     2388     5079        0 |      8115
                                      0        0        0        1        1       13      187        0 |       202

                    SUM             333    14835    21336    15496    15584    16479    10056        0 |     94119
                                              OBSERVATION
                                     73      373        8        0        0        0        0        0 |       454
                                    242    10969     4376      378      113       37        5        0 |     16120
                                     18     2984    12265     5251     1613      524       86        0 |     22741
                 MNWC2-Bs-mix1        0      379     3272     5931     4286     1367      208        0 |     15443
                                      0       99     1010     2893     6032     4489      987        0 |     15510
                                      0       31      379      950     3171     8076     3760        0 |     16367
                                      0        0       26       89      362     1976     4821        0 |      7274
                                      0        0        0        4        7       10      189        0 |       210

                    SUM             333    14835    21336    15496    15584    16479    10056        0 |     94119
                                              OBSERVATION
                                     85      478        3        0        0        0        0        0 |       566
                                    228    11198     4916      399      125       47       12        0 |     16925
                                     18     2734    12224     5620     1746      556      105        0 |     23003
                  MNWC-Bs-mix2        0      309     3085     5826     4216     1604      272        0 |     15312
                                      2       87      791     2756     6317     4632     1021        0 |     15606
                                      0       28      303      803     2881     7781     3737        0 |     15533
                                      0        1       14       88      297     1851     4780        0 |      7031
                                      0        0        0        4        2        8      129        0 |       143

                    SUM             333    14835    21336    15496    15584    16479    10056        0 |     94119

