 <pre>

 Contingency table for Low clouds (octas)
 Selection: FinlandLand     62 stations
Period: 20240601-20240630
Used {00,03,...,21} + 01 02 ... 12
 Limits    1.00000000       2.00000000       3.00000000       4.00000000       5.00000000       6.00000000       7.00000000    
 Each class is data <= limit, the very last > last limit
 Total number of values      157317
                                              OBSERVATION
                                  76602     2000     2830     1241     1744      996     2770     2022 |     90205
                                   5250      423      657      293      437      246      843      592 |      8741
                                   3527      327      483      216      410      217      750      504 |      6434
                     MNWC2-ref     3069      326      501      274      420      228      768      505 |      6091
                                   2679      345      530      265      419      248      875      518 |      5879
                                   2549      313      527      265      485      273      942      597 |      5951
                                   3007      369      680      334      669      314     1379     1006 |      7758
                                   6048      760     1626      801     2042      940     6503     7538 |     26258

                    SUM          102731     4863     7834     3689     6626     3462    14830    13282 |    157317
                                              OBSERVATION
                                  76742     2058     2887     1307     1796     1017     2778     2074 |     90659
                                   5180      434      621      258      507      226      840      603 |      8669
                                   3522      340      519      267      407      209      715      512 |      6491
                  MNWC2-Bscale     3064      351      524      229      380      246      733      513 |      6040
                                   2609      310      488      254      448      254      826      481 |      5670
                                   2475      283      560      260      456      243      968      663 |      5908
                                   3019      358      663      331      644      336     1419      937 |      7707
                                   6120      729     1572      783     1988      931     6551     7499 |     26173

                    SUM          102731     4863     7834     3689     6626     3462    14830    13282 |    157317
                                              OBSERVATION
                                  81043     2317     3346     1469     2041     1145     3139     2294 |     96794
                                   4489      424      629      312      482      253      906      692 |      8187
                                   3043      288      491      229      376      225      745      525 |      5922
                 MNWC2-Bs-mix1     2648      314      458      244      444      242      790      512 |      5652
                                   2304      317      524      232      451      241      825      490 |      5384
                                   2092      275      506      251      431      235     1047      626 |      5463
                                   2391      345      609      306      611      329     1455      993 |      7039
                                   4721      583     1271      646     1790      792     5923     7150 |     22876

                    SUM          102731     4863     7834     3689     6626     3462    14830    13282 |    157317
                                              OBSERVATION
                                  81923     2451     3562     1548     2193     1207     3379     2212 |     98475
                                   4308      381      604      284      478      251      871      631 |      7808
                                   2881      302      432      219      380      183      782      559 |      5738
                  MNWC-Bs-mix2     2528      286      446      218      416      229      765      512 |      5400
                                   2152      270      498      257      404      231      838      532 |      5182
                                   2040      268      507      268      451      253      996      686 |      5469
                                   2358      325      554      315      606      309     1496     1043 |      7006
                                   4541      580     1231      580     1698      799     5703     7107 |     22239

                    SUM          102731     4863     7834     3689     6626     3462    14830    13282 |    157317

